FULL_ADDR,COUNTY,TOWN,VILLAGE,NEIGHBORHOOD,ROAD,SECTION,LANE,ALLEY,SUB_ALLEY,TONG,NUMBER,X,Y
澎湖縣馬公市光榮里18鄰三多路390巷1號,10016,1001601,1001601-009,18鄰,三多路,,390巷,,,,1號,119.56974619612,23.577270783915
澎湖縣馬公市光榮里18鄰三多路370巷1號,10016,1001601,1001601-009,18鄰,三多路,,370巷,,,,1號,119.57007124677,23.577566116073
澎湖縣馬公市光榮里20鄰三多路461巷1號,10016,1001601,1001601-009,20鄰,三多路,,461巷,,,,1號,119.56955789077,23.575825106755
澎湖縣馬公市光榮里24鄰三多路390巷1號,10016,1001601,1001601-009,24鄰,三多路,,390巷,,,,1號,119.56974619612,23.577270783915
澎湖縣馬公市光榮里24鄰三多路370巷1號,10016,1001601,1001601-009,24鄰,三多路,,370巷,,,,1號,119.57007124677,23.577566116073
澎湖縣馬公市光榮里25鄰三多路330巷6弄1號,10016,1001601,1001601-009,25鄰,三多路,,330巷,6弄,,,1號,119.57205252706,23.577563193086
澎湖縣馬公市光榮里25鄰三多路330巷8弄1號,10016,1001601,1001601-009,25鄰,三多路,,330巷,8弄,,,1號,119.57209173225,23.577722954439
澎湖縣馬公市光榮里25鄰三多路330巷8弄2號,10016,1001601,1001601-009,25鄰,三多路,,330巷,8弄,,,2號,119.57212393599,23.577701438371
澎湖縣馬公市光榮里25鄰三多路330巷6弄2號,10016,1001601,1001601-009,25鄰,三多路,,330巷,6弄,,,2號,119.57209322652,23.577538640387
澎湖縣馬公市光榮里24鄰三多路390巷2號,10016,1001601,1001601-009,24鄰,三多路,,390巷,,,,2號,119.56992584883,23.577300370588
澎湖縣馬公市光榮里20鄰三多路461巷2號,10016,1001601,1001601-009,20鄰,三多路,,461巷,,,,2號,119.56970613267,23.575779344426
澎湖縣馬公市光榮里20鄰三多路463巷2號,10016,1001601,1001601-009,20鄰,三多路,,463巷,,,,2號,119.56946982569,23.575717474991
澎湖縣馬公市光榮里18鄰三多路390巷2號,10016,1001601,1001601-009,18鄰,三多路,,390巷,,,,2號,119.56992584883,23.577300370588
澎湖縣馬公市光榮里18鄰三多路370巷2號,10016,1001601,1001601-009,18鄰,三多路,,370巷,,,,2號,119.57019084253,23.577927051512
澎湖縣馬公市光榮里24鄰三多路390巷3號,10016,1001601,1001601-009,24鄰,三多路,,390巷,,,,3號,119.56968018239,23.577363473111
澎湖縣馬公市光榮里24鄰三多路370巷3號,10016,1001601,1001601-009,24鄰,三多路,,370巷,,,,3號,119.57009536569,23.577619134638
澎湖縣馬公市光榮里25鄰三多路330巷6弄3號,10016,1001601,1001601-009,25鄰,三多路,,330巷,6弄,,,3號,119.57213619501,23.577525267325
澎湖縣馬公市光榮里25鄰三多路330巷8弄3號,10016,1001601,1001601-009,25鄰,三多路,,330巷,8弄,,,3號,119.57216550418,23.577688034378
澎湖縣馬公市光榮里18鄰三多路370巷3號,10016,1001601,1001601-009,18鄰,三多路,,370巷,,,,3號,119.57009536569,23.577619134638
澎湖縣馬公市光榮里18鄰三多路390巷3號,10016,1001601,1001601-009,18鄰,三多路,,390巷,,,,3號,119.56968018239,23.577363473111
澎湖縣馬公市光榮里25鄰三多路330巷8弄4號,10016,1001601,1001601-009,25鄰,三多路,,330巷,8弄,,,4號,119.5722107451,23.577676478781
澎湖縣馬公市光榮里25鄰三多路330巷6弄4號,10016,1001601,1001601-009,25鄰,三多路,,330巷,6弄,,,4號,119.57217251732,23.577507842732
澎湖縣馬公市光榮里20鄰三多路463巷4號,10016,1001601,1001601-009,20鄰,三多路,,463巷,,,,4號,119.56954310333,23.575685639227
澎湖縣馬公市光榮里20鄰三多路463巷5號,10016,1001601,1001601-009,20鄰,三多路,,463巷,,,,5號,119.56965319552,23.575682228878
澎湖縣馬公市光榮里25鄰三多路330巷6弄5號,10016,1001601,1001601-009,25鄰,三多路,,330巷,6弄,,,5號,119.57221213444,23.57748736078
澎湖縣馬公市光榮里25鄰三多路330巷8弄5號,10016,1001601,1001601-009,25鄰,三多路,,330巷,8弄,,,5號,119.57224706232,23.577655000486
澎湖縣馬公市光榮里24鄰三多路370巷5號,10016,1001601,1001601-009,24鄰,三多路,,370巷,,,,5號,119.57000570216,23.577684223956
澎湖縣馬公市光榮里24鄰三多路390巷5號,10016,1001601,1001601-009,24鄰,三多路,,390巷,,,,5號,119.5695552737,23.577315828278
澎湖縣馬公市光榮里18鄰三多路390巷5號,10016,1001601,1001601-009,18鄰,三多路,,390巷,,,,5號,119.5695552737,23.577315828278
澎湖縣馬公市光榮里18鄰三多路370巷5號,10016,1001601,1001601-009,18鄰,三多路,,370巷,,,,5號,119.57000570216,23.577684223956
澎湖縣馬公市光榮里18鄰三多路370巷6號,10016,1001601,1001601-009,18鄰,三多路,,370巷,,,,6號,119.57025431468,23.57792883633
澎湖縣馬公市光榮里18鄰三多路390巷6號,10016,1001601,1001601-009,18鄰,三多路,,390巷,,,,6號,119.56989299779,23.577355392713
澎湖縣馬公市光榮里24鄰三多路390巷6號,10016,1001601,1001601-009,24鄰,三多路,,390巷,,,,6號,119.56989299779,23.577355392713
澎湖縣馬公市光榮里25鄰三多路330巷8弄6號,10016,1001601,1001601-009,25鄰,三多路,,330巷,8弄,,,6號,119.57229001372,23.577639586863
澎湖縣馬公市光榮里25鄰三多路330巷6弄6號,10016,1001601,1001601-009,25鄰,三多路,,330巷,6弄,,,6號,119.57225398125,23.577469923736
澎湖縣馬公市光榮里20鄰三多路463巷6號,10016,1001601,1001601-009,20鄰,三多路,,463巷,,,,6號,119.56944066223,23.575573234638
澎湖縣馬公市光榮里18鄰三多路390巷7號,10016,1001601,1001601-009,18鄰,三多路,,390巷,,,,7號,119.56949033372,23.577279596324
澎湖縣馬公市光榮里24鄰三多路390巷7號,10016,1001601,1001601-009,24鄰,三多路,,390巷,,,,7號,119.56949033372,23.577279596324
澎湖縣馬公市光榮里24鄰三多路370巷7號,10016,1001601,1001601-009,24鄰,三多路,,370巷,,,,7號,119.56995375123,23.57769218714
澎湖縣馬公市光榮里18鄰三多路370巷7號,10016,1001601,1001601-009,18鄰,三多路,,370巷,,,,7號,119.56995375123,23.57769218714
澎湖縣馬公市光榮里18鄰三多路370巷8號,10016,1001601,1001601-009,18鄰,三多路,,370巷,,,,8號,119.57030728833,23.577954873433
澎湖縣馬公市光榮里24鄰三多路390巷8號,10016,1001601,1001601-009,24鄰,三多路,,390巷,,,,8號,119.56985689583,23.577425687616
澎湖縣馬公市光榮里18鄰三多路390巷8號,10016,1001601,1001601-009,18鄰,三多路,,390巷,,,,8號,119.56985689583,23.577425687616
澎湖縣馬公市光榮里20鄰三多路463巷8號,10016,1001601,1001601-009,20鄰,三多路,,463巷,,,,8號,119.56959874386,23.575539579452
澎湖縣馬公市光榮里18鄰三多路370巷8之1號,10016,1001601,1001601-009,18鄰,三多路,,370巷,,,,8之1號,119.57031812061,23.578015561001
澎湖縣馬公市光榮里24鄰三多路390巷9號,10016,1001601,1001601-009,24鄰,三多路,,390巷,,,,9號,119.56947076628,23.577242265355
澎湖縣馬公市光榮里24鄰三多路370巷9號,10016,1001601,1001601-009,24鄰,三多路,,370巷,,,,9號,119.5699037302,23.57771278039
澎湖縣馬公市光榮里18鄰三多路390巷9號,10016,1001601,1001601-009,18鄰,三多路,,390巷,,,,9號,119.56947076628,23.577242265355
澎湖縣馬公市光榮里18鄰三多路370巷9號,10016,1001601,1001601-009,18鄰,三多路,,370巷,,,,9號,119.5699037302,23.57771278039
澎湖縣馬公市光榮里18鄰三多路390巷10號,10016,1001601,1001601-009,18鄰,三多路,,390巷,,,,10號,119.56982559547,23.57745781959
澎湖縣馬公市光榮里18鄰三多路370巷10號,10016,1001601,1001601-009,18鄰,三多路,,370巷,,,,10號,119.57013408471,23.578017966269
澎湖縣馬公市光榮里24鄰三多路390巷10號,10016,1001601,1001601-009,24鄰,三多路,,390巷,,,,10號,119.56982559547,23.57745781959
澎湖縣馬公市光榮里24鄰三多路390巷11號,10016,1001601,1001601-009,24鄰,三多路,,390巷,,,,11號,119.56940166736,23.577175850099
澎湖縣馬公市光榮里24鄰三多路370巷11號,10016,1001601,1001601-009,24鄰,三多路,,370巷,,,,11號,119.56985094915,23.577730459211
澎湖縣馬公市光榮里18鄰三多路370巷11號,10016,1001601,1001601-009,18鄰,三多路,,370巷,,,,11號,119.56985094915,23.577730459211
澎湖縣馬公市光榮里18鄰三多路390巷11號,10016,1001601,1001601-009,18鄰,三多路,,390巷,,,,11號,119.56940166736,23.577175850099
澎湖縣馬公市光榮里18鄰三多路390巷12號,10016,1001601,1001601-009,18鄰,三多路,,390巷,,,,12號,119.56978772415,23.577500661651
澎湖縣馬公市光榮里18鄰三多路370巷12號,10016,1001601,1001601-009,18鄰,三多路,,370巷,,,,12號,119.57012904292,23.578105429695
澎湖縣馬公市光榮里24鄰三多路390巷12號,10016,1001601,1001601-009,24鄰,三多路,,390巷,,,,12號,119.56978772415,23.577500661651
澎湖縣馬公市光榮里24鄰三多路390巷13號,10016,1001601,1001601-009,24鄰,三多路,,390巷,,,,13號,119.5693745118,23.577140959078
澎湖縣馬公市光榮里24鄰三多路370巷13號,10016,1001601,1001601-009,24鄰,三多路,,370巷,,,,13號,119.56980224529,23.577750622171
澎湖縣馬公市光榮里18鄰三多路370巷13號,10016,1001601,1001601-009,18鄰,三多路,,370巷,,,,13號,119.56980224529,23.577750622171
澎湖縣馬公市光榮里18鄰三多路390巷13號,10016,1001601,1001601-009,18鄰,三多路,,390巷,,,,13號,119.5693745118,23.577140959078
澎湖縣馬公市光榮里24鄰三多路370巷15號,10016,1001601,1001601-009,24鄰,三多路,,370巷,,,,15號,119.56982983552,23.577862942505
澎湖縣馬公市光榮里24鄰三多路390巷15號,10016,1001601,1001601-009,24鄰,三多路,,390巷,,,,15號,119.56937183124,23.577061125592
澎湖縣馬公市光榮里18鄰三多路390巷15號,10016,1001601,1001601-009,18鄰,三多路,,390巷,,,,15號,119.56937183124,23.577061125592
澎湖縣馬公市光榮里18鄰三多路370巷15號,10016,1001601,1001601-009,18鄰,三多路,,370巷,,,,15號,119.56982983552,23.577862942505
澎湖縣馬公市光榮里18鄰三多路390巷16號,10016,1001601,1001601-009,18鄰,三多路,,390巷,,,,16號,119.56974324399,23.577545049877
澎湖縣馬公市光榮里24鄰三多路390巷16號,10016,1001601,1001601-009,24鄰,三多路,,390巷,,,,16號,119.56974324399,23.577545049877
澎湖縣馬公市光榮里24鄰三多路370巷17號,10016,1001601,1001601-009,24鄰,三多路,,370巷,,,,17號,119.56988666728,23.577840254242
澎湖縣馬公市光榮里18鄰三多路370巷17號,10016,1001601,1001601-009,18鄰,三多路,,370巷,,,,17號,119.56988666728,23.577840254242
澎湖縣馬公市光榮里24鄰三多路370巷19號,10016,1001601,1001601-009,24鄰,三多路,,370巷,,,,19號,119.57000982962,23.577802323015
澎湖縣馬公市光榮里18鄰三多路370巷19號,10016,1001601,1001601-009,18鄰,三多路,,370巷,,,,19號,119.57000982962,23.577802323015
澎湖縣馬公市光榮里18鄰三多路390巷70弄20號,10016,1001601,1001601-009,18鄰,三多路,,390巷,70弄,,,20號,119.5696726625,23.577958024646
澎湖縣馬公市光榮里24鄰三多路390巷70弄20號,10016,1001601,1001601-009,24鄰,三多路,,390巷,70弄,,,20號,119.5696726625,23.577958024646
澎湖縣馬公市光榮里18鄰三多路370巷21號,10016,1001601,1001601-009,18鄰,三多路,,370巷,,,,21號,119.57003581295,23.577855936549
澎湖縣馬公市光榮里24鄰三多路370巷21號,10016,1001601,1001601-009,24鄰,三多路,,370巷,,,,21號,119.57003581295,23.577855936549
澎湖縣馬公市光榮里18鄰三多路370巷41號,10016,1001601,1001601-009,18鄰,三多路,,370巷,,,,41號,119.56994419468,23.577981189454
澎湖縣馬公市光榮里24鄰三多路370巷41號,10016,1001601,1001601-009,24鄰,三多路,,370巷,,,,41號,119.56994419468,23.577981189454
澎湖縣馬公市光榮里18鄰三多路370巷43號,10016,1001601,1001601-009,18鄰,三多路,,370巷,,,,43號,119.56995524501,23.578029871613
澎湖縣馬公市光榮里24鄰三多路370巷43號,10016,1001601,1001601-009,24鄰,三多路,,370巷,,,,43號,119.56995524501,23.578029871613
澎湖縣馬公市光榮里24鄰三多路370巷45號,10016,1001601,1001601-009,24鄰,三多路,,370巷,,,,45號,119.56998509195,23.578109305101
澎湖縣馬公市光榮里18鄰三多路370巷45號,10016,1001601,1001601-009,18鄰,三多路,,370巷,,,,45號,119.56998509195,23.578109305101
澎湖縣馬公市光榮里2鄰三多路171號,10016,1001601,1001601-009,2鄰,三多路,,,,,,171號,119.57464548359,23.575958718332
澎湖縣馬公市光榮里2鄰三多路173號,10016,1001601,1001601-009,2鄰,三多路,,,,,,173號,119.57461026491,23.575985579059
澎湖縣馬公市光榮里2鄰三多路175號,10016,1001601,1001601-009,2鄰,三多路,,,,,,175號,119.57458043723,23.576005736167
澎湖縣馬公市光榮里2鄰三多路177號,10016,1001601,1001601-009,2鄰,三多路,,,,,,177號,119.57451673948,23.57604940787
澎湖縣馬公市光榮里2鄰三多路179號,10016,1001601,1001601-009,2鄰,三多路,,,,,,179號,119.57443948905,23.576103635522
澎湖縣馬公市光榮里2鄰三多路181號,10016,1001601,1001601-009,2鄰,三多路,,,,,,181號,119.57440299893,23.576128498338
澎湖縣馬公市光榮里2鄰三多路183號,10016,1001601,1001601-009,2鄰,三多路,,,,,,183號,119.57435925147,23.576166899998
澎湖縣馬公市光榮里2鄰三多路185號,10016,1001601,1001601-009,2鄰,三多路,,,,,,185號,119.57430449848,23.576198583024
澎湖縣馬公市光榮里2鄰三多路187號,10016,1001601,1001601-009,2鄰,三多路,,,,,,187號,119.57423403693,23.576266306757
澎湖縣馬公市光榮里2鄰三多路189號,10016,1001601,1001601-009,2鄰,三多路,,,,,,189號,119.57415983427,23.576314928652
澎湖縣馬公市光榮里33鄰三多路253號,10016,1001601,1001601-009,33鄰,三多路,,,,,,253號,119.57382711343,23.576486876992
澎湖縣馬公市光榮里33鄰三多路255號,10016,1001601,1001601-009,33鄰,三多路,,,,,,255號,119.57373333559,23.576531391752
澎湖縣馬公市光榮里25鄰三多路292號,10016,1001601,1001601-009,25鄰,三多路,,,,,,292號,119.57348224047,23.576922190746
澎湖縣馬公市光榮里25鄰三多路296號,10016,1001601,1001601-009,25鄰,三多路,,,,,,296號,119.57342691235,23.576956287706
澎湖縣馬公市光榮里25鄰三多路298號,10016,1001601,1001601-009,25鄰,三多路,,,,,,298號,119.57337643336,23.576991232672
澎湖縣馬公市光榮里25鄰三多路300號,10016,1001601,1001601-009,25鄰,三多路,,,,,,300號,119.57334593699,23.577015220351
澎湖縣馬公市光榮里25鄰三多路302號,10016,1001601,1001601-009,25鄰,三多路,,,,,,302號,119.57328109507,23.577044138022
澎湖縣馬公市光榮里25鄰三多路318號,10016,1001601,1001601-009,25鄰,三多路,,,,,,318號,119.5723250398,23.577282854277
澎湖縣馬公市光榮里25鄰三多路320號,10016,1001601,1001601-009,25鄰,三多路,,,,,,320號,119.57223160321,23.577309305886
澎湖縣馬公市光榮里25鄰三多路322號,10016,1001601,1001601-009,25鄰,三多路,,,,,,322號,119.57217254765,23.577326647987
澎湖縣馬公市光榮里25鄰三多路324號,10016,1001601,1001601-009,25鄰,三多路,,,,,,324號,119.57211151367,23.577334916647
澎湖縣馬公市光榮里25鄰三多路326號,10016,1001601,1001601-009,25鄰,三多路,,,,,,326號,119.57205267937,23.577347195942
澎湖縣馬公市光榮里25鄰三多路328號,10016,1001601,1001601-009,25鄰,三多路,,,,,,328號,119.57200366014,23.577359429996
澎湖縣馬公市光榮里27鄰三多路338號,10016,1001601,1001601-009,27鄰,三多路,,,,,,338號,119.57147826885,23.577437885231
澎湖縣馬公市光榮里24鄰三多路340號,10016,1001601,1001601-009,24鄰,三多路,,,,,,340號,119.57089271535,23.577335457072
澎湖縣馬公市光榮里18鄰三多路340號,10016,1001601,1001601-009,18鄰,三多路,,,,,,340號,119.57089271535,23.577335457072
澎湖縣馬公市光榮里18鄰三多路342號,10016,1001601,1001601-009,18鄰,三多路,,,,,,342號,119.57083006573,23.577331910574
澎湖縣馬公市光榮里24鄰三多路342號,10016,1001601,1001601-009,24鄰,三多路,,,,,,342號,119.57083006573,23.577331910574
澎湖縣馬公市光榮里3鄰三多路343號,10016,1001601,1001601-009,3鄰,三多路,,,,,,343號,119.57339334703,23.576740387155
澎湖縣馬公市光榮里3鄰三多路345號,10016,1001601,1001601-009,3鄰,三多路,,,,,,345號,119.57323819404,23.576802078413
澎湖縣馬公市光榮里24鄰三多路346號,10016,1001601,1001601-009,24鄰,三多路,,,,,,346號,119.57077564212,23.577333053101
澎湖縣馬公市光榮里18鄰三多路346號,10016,1001601,1001601-009,18鄰,三多路,,,,,,346號,119.57077564212,23.577333053101
澎湖縣馬公市光榮里3鄰三多路347號,10016,1001601,1001601-009,3鄰,三多路,,,,,,347號,119.57332338913,23.576615526429
澎湖縣馬公市光榮里18鄰三多路348號,10016,1001601,1001601-009,18鄰,三多路,,,,,,348號,119.57071814269,23.577334212456
澎湖縣馬公市光榮里24鄰三多路348號,10016,1001601,1001601-009,24鄰,三多路,,,,,,348號,119.57071814269,23.577334212456
澎湖縣馬公市光榮里3鄰三多路349號,10016,1001601,1001601-009,3鄰,三多路,,,,,,349號,119.57319492829,23.576655397913
澎湖縣馬公市光榮里24鄰三多路350號,10016,1001601,1001601-009,24鄰,三多路,,,,,,350號,119.5706650828,23.57733062771
澎湖縣馬公市光榮里18鄰三多路350號,10016,1001601,1001601-009,18鄰,三多路,,,,,,350號,119.5706650828,23.57733062771
澎湖縣馬公市光榮里8鄰三多路351號,10016,1001601,1001601-009,8鄰,三多路,,,,,,351號,119.57294194148,23.57689302496
澎湖縣馬公市光榮里18鄰三多路352號,10016,1001601,1001601-009,18鄰,三多路,,,,,,352號,119.57058118262,23.577323039635
澎湖縣馬公市光榮里24鄰三多路352號,10016,1001601,1001601-009,24鄰,三多路,,,,,,352號,119.57058118262,23.577323039635
澎湖縣馬公市光榮里8鄰三多路353號,10016,1001601,1001601-009,8鄰,三多路,,,,,,353號,119.57280393244,23.576947181233
澎湖縣馬公市光榮里8鄰三多路355號,10016,1001601,1001601-009,8鄰,三多路,,,,,,355號,119.5728704087,23.576781592505
澎湖縣馬公市光榮里24鄰三多路356號,10016,1001601,1001601-009,24鄰,三多路,,,,,,356號,119.57046504014,23.577384834126
澎湖縣馬公市光榮里18鄰三多路356號,10016,1001601,1001601-009,18鄰,三多路,,,,,,356號,119.57046504014,23.577384834126
澎湖縣馬公市光榮里18鄰三多路358號,10016,1001601,1001601-009,18鄰,三多路,,,,,,358號,119.57039066031,23.577407126425
澎湖縣馬公市光榮里24鄰三多路358號,10016,1001601,1001601-009,24鄰,三多路,,,,,,358號,119.57039066031,23.577407126425
澎湖縣馬公市光榮里24鄰三多路360號,10016,1001601,1001601-009,24鄰,三多路,,,,,,360號,119.57053713739,23.57748558348
澎湖縣馬公市光榮里18鄰三多路360號,10016,1001601,1001601-009,18鄰,三多路,,,,,,360號,119.57053713739,23.57748558348
澎湖縣馬公市光榮里26鄰三多路361號,10016,1001601,1001601-009,26鄰,三多路,,,,,,361號,119.57253443068,23.577038914373
澎湖縣馬公市光榮里26鄰三多路361之1號,10016,1001601,1001601-009,26鄰,三多路,,,,,,361之1號,119.57248759721,23.577075481486
澎湖縣馬公市光榮里26鄰三多路361之2號,10016,1001601,1001601-009,26鄰,三多路,,,,,,361之2號,119.57240232458,23.577106946609
澎湖縣馬公市光榮里18鄰三多路362號,10016,1001601,1001601-009,18鄰,三多路,,,,,,362號,119.57045855651,23.577510491435
澎湖縣馬公市光榮里24鄰三多路362號,10016,1001601,1001601-009,24鄰,三多路,,,,,,362號,119.57045855651,23.577510491435
澎湖縣馬公市光榮里26鄰三多路363號,10016,1001601,1001601-009,26鄰,三多路,,,,,,363號,119.57229193038,23.577023153154
澎湖縣馬公市光榮里26鄰三多路365號,10016,1001601,1001601-009,26鄰,三多路,,,,,,365號,119.57228166343,23.576979850073
澎湖縣馬公市光榮里24鄰三多路366號,10016,1001601,1001601-009,24鄰,三多路,,,,,,366號,119.57038422546,23.577541839409
澎湖縣馬公市光榮里18鄰三多路366號,10016,1001601,1001601-009,18鄰,三多路,,,,,,366號,119.57038422546,23.577541839409
澎湖縣馬公市光榮里26鄰三多路367號,10016,1001601,1001601-009,26鄰,三多路,,,,,,367號,119.57226972282,23.57693733512
澎湖縣馬公市光榮里24鄰三多路368號,10016,1001601,1001601-009,24鄰,三多路,,,,,,368號,119.57030565013,23.577568038361
澎湖縣馬公市光榮里18鄰三多路368號,10016,1001601,1001601-009,18鄰,三多路,,,,,,368號,119.57030565013,23.577568038361
澎湖縣馬公市光榮里24鄰三多路368之1號,10016,1001601,1001601-009,24鄰,三多路,,,,,,368之1號,119.57021703408,23.577791446004
澎湖縣馬公市光榮里18鄰三多路368之1號,10016,1001601,1001601-009,18鄰,三多路,,,,,,368之1號,119.57021703408,23.577791446004
澎湖縣馬公市光榮里26鄰三多路369號,10016,1001601,1001601-009,26鄰,三多路,,,,,,369號,119.57218887405,23.577003535969
澎湖縣馬公市光榮里26鄰三多路371號,10016,1001601,1001601-009,26鄰,三多路,,,,,,371號,119.5721643663,23.577057028273
澎湖縣馬公市光榮里26鄰三多路373號,10016,1001601,1001601-009,26鄰,三多路,,,,,,373號,119.57211340476,23.577033321498
澎湖縣馬公市光榮里26鄰三多路375號,10016,1001601,1001601-009,26鄰,三多路,,,,,,375號,119.5720751673,23.577036743874
澎湖縣馬公市光榮里26鄰三多路377號,10016,1001601,1001601-009,26鄰,三多路,,,,,,377號,119.57202846367,23.577042282275
澎湖縣馬公市光榮里26鄰三多路379號,10016,1001601,1001601-009,26鄰,三多路,,,,,,379號,119.57198179409,23.577043767335
澎湖縣馬公市光榮里26鄰三多路381號,10016,1001601,1001601-009,26鄰,三多路,,,,,,381號,119.57194677389,23.577057637735
澎湖縣馬公市光榮里18鄰三多路382號,10016,1001601,1001601-009,18鄰,三多路,,,,,,382號,119.57002554338,23.577506425677
澎湖縣馬公市光榮里24鄰三多路382號,10016,1001601,1001601-009,24鄰,三多路,,,,,,382號,119.57002554338,23.577506425677
澎湖縣馬公市光榮里26鄰三多路383號,10016,1001601,1001601-009,26鄰,三多路,,,,,,383號,119.57191353402,23.577077158056
澎湖縣馬公市光榮里26鄰三多路385號,10016,1001601,1001601-009,26鄰,三多路,,,,,,385號,119.57187648379,23.577087633253
澎湖縣馬公市光榮里26鄰三多路387號,10016,1001601,1001601-009,26鄰,三多路,,,,,,387號,119.57184887659,23.577131545228
澎湖縣馬公市光榮里24鄰三多路388號,10016,1001601,1001601-009,24鄰,三多路,,,,,,388號,119.57003023718,23.57733354375
澎湖縣馬公市光榮里18鄰三多路388號,10016,1001601,1001601-009,18鄰,三多路,,,,,,388號,119.57003023718,23.57733354375
澎湖縣馬公市光榮里24鄰三多路392號,10016,1001601,1001601-009,24鄰,三多路,,,,,,392號,119.56973695485,23.577200694603
澎湖縣馬公市光榮里18鄰三多路392號,10016,1001601,1001601-009,18鄰,三多路,,,,,,392號,119.56973695485,23.577200694603
澎湖縣馬公市光榮里18鄰三多路396號,10016,1001601,1001601-009,18鄰,三多路,,,,,,396號,119.56964370906,23.577132666843
澎湖縣馬公市光榮里24鄰三多路396號,10016,1001601,1001601-009,24鄰,三多路,,,,,,396號,119.56964370906,23.577132666843
澎湖縣馬公市光榮里24鄰三多路398號,10016,1001601,1001601-009,24鄰,三多路,,,,,,398號,119.56955896941,23.577060654673
澎湖縣馬公市光榮里18鄰三多路398號,10016,1001601,1001601-009,18鄰,三多路,,,,,,398號,119.56955896941,23.577060654673
澎湖縣馬公市光榮里30鄰三多路411號,10016,1001601,1001601-009,30鄰,三多路,,,,,,411號,119.57061175448,23.577150115847
澎湖縣馬公市光榮里30鄰三多路413號,10016,1001601,1001601-009,30鄰,三多路,,,,,,413號,119.57072070639,23.577140862116
澎湖縣馬公市光榮里30鄰三多路415號,10016,1001601,1001601-009,30鄰,三多路,,,,,,415號,119.57072506589,23.57709103975
澎湖縣馬公市光榮里30鄰三多路417號,10016,1001601,1001601-009,30鄰,三多路,,,,,,417號,119.57072309058,23.57705726533
澎湖縣馬公市光榮里30鄰三多路419號,10016,1001601,1001601-009,30鄰,三多路,,,,,,419號,119.57072383367,23.577017584421
澎湖縣馬公市光榮里30鄰三多路421號,10016,1001601,1001601-009,30鄰,三多路,,,,,,421號,119.57072460088,23.576983817172
澎湖縣馬公市光榮里30鄰三多路423號,10016,1001601,1001601-009,30鄰,三多路,,,,,,423號,119.57071978799,23.576928963006
澎湖縣馬公市光榮里30鄰三多路425號,10016,1001601,1001601-009,30鄰,三多路,,,,,,425號,119.57066120831,23.576927683838
澎湖縣馬公市光榮里30鄰三多路427號,10016,1001601,1001601-009,30鄰,三多路,,,,,,427號,119.57061286798,23.576926977335
澎湖縣馬公市光榮里30鄰三多路429號,10016,1001601,1001601-009,30鄰,三多路,,,,,,429號,119.57056697079,23.576923169553
澎湖縣馬公市光榮里30鄰三多路431號,10016,1001601,1001601-009,30鄰,三多路,,,,,,431號,119.57052554624,23.576924223936
澎湖縣馬公市光榮里30鄰三多路433號,10016,1001601,1001601-009,30鄰,三多路,,,,,,433號,119.57056195442,23.577142191434
澎湖縣馬公市光榮里30鄰三多路435號,10016,1001601,1001601-009,30鄰,三多路,,,,,,435號,119.5705023198,23.577138826023
澎湖縣馬公市光榮里30鄰三多路437號,10016,1001601,1001601-009,30鄰,三多路,,,,,,437號,119.57038575162,23.576993032333
澎湖縣馬公市光榮里30鄰三多路439號,10016,1001601,1001601-009,30鄰,三多路,,,,,,439號,119.57023586678,23.57695343706
澎湖縣馬公市光榮里30鄰三多路441號,10016,1001601,1001601-009,30鄰,三多路,,,,,,441號,119.57038901849,23.577169824504
澎湖縣馬公市光榮里19鄰三多路447號,10016,1001601,1001601-009,19鄰,三多路,,,,,,447號,119.56966145894,23.57631625243
澎湖縣馬公市光榮里19鄰三多路449號,10016,1001601,1001601-009,19鄰,三多路,,,,,,449號,119.56961873016,23.576255993454
澎湖縣馬公市光榮里19鄰三多路450號,10016,1001601,1001601-009,19鄰,三多路,,,,,,450號,119.56910311806,23.576263921673
澎湖縣馬公市光榮里19鄰三多路451號,10016,1001601,1001601-009,19鄰,三多路,,,,,,451號,119.56960742746,23.576099548984
澎湖縣馬公市光榮里19鄰三多路453號,10016,1001601,1001601-009,19鄰,三多路,,,,,,453號,119.56957812894,23.576057244221
澎湖縣馬公市光榮里19鄰三多路455號,10016,1001601,1001601-009,19鄰,三多路,,,,,,455號,119.56964145255,23.575904511144
澎湖縣馬公市朝陽里11鄰三多路184巷1弄1號,10016,1001601,1001601-011,11鄰,三多路,,184巷,1弄,,,1號,119.57612044764,23.575457726044
澎湖縣馬公市朝陽里13鄰三多路146巷15弄1號,10016,1001601,1001601-011,13鄰,三多路,,146巷,15弄,,,1號,119.57709045084,23.575181781823
澎湖縣馬公市朝陽里13鄰三多路146巷1號,10016,1001601,1001601-011,13鄰,三多路,,146巷,,,,1號,119.5769932802,23.574922415543
澎湖縣馬公市朝陽里13鄰三多路146巷5弄1號,10016,1001601,1001601-011,13鄰,三多路,,146巷,5弄,,,1號,119.57709811146,23.575058093839
澎湖縣馬公市朝陽里13鄰三多路154巷1號,10016,1001601,1001601-011,13鄰,三多路,,154巷,,,,1號,119.57680117022,23.575021798726
澎湖縣馬公市朝陽里13鄰三多路176巷1號,10016,1001601,1001601-011,13鄰,三多路,,176巷,,,,1號,119.57624859335,23.575191684582
澎湖縣馬公市朝陽里35鄰三多路12巷1號,10016,1001601,1001601-011,35鄰,三多路,,12巷,,,,1號,119.58015181753,23.57466348971
澎湖縣馬公市朝陽里36鄰三多路1巷1號,10016,1001601,1001601-011,36鄰,三多路,,1巷,,,,1號,119.58055057571,23.574389209278
澎湖縣馬公市朝陽里7鄰三多路139巷1號,10016,1001601,1001601-011,7鄰,三多路,,139巷,,,,1號,119.57595429514,23.575111950476
澎湖縣馬公市朝陽里9鄰三多路212巷1號,10016,1001601,1001601-011,9鄰,三多路,,212巷,,,,1號,119.57552480449,23.575637181663
澎湖縣馬公市朝陽里13鄰三多路154巷2號,10016,1001601,1001601-011,13鄰,三多路,,154巷,,,,2號,119.5768296867,23.575052349404
澎湖縣馬公市朝陽里13鄰三多路184巷2號,10016,1001601,1001601-011,13鄰,三多路,,184巷,,,,2號,119.57615808816,23.575322522075
澎湖縣馬公市朝陽里13鄰三多路146巷5弄2號,10016,1001601,1001601-011,13鄰,三多路,,146巷,5弄,,,2號,119.57704725539,23.57507637965
澎湖縣馬公市朝陽里12鄰三多路146巷15弄2號,10016,1001601,1001601-011,12鄰,三多路,,146巷,15弄,,,2號,119.57715251621,23.575303083841
澎湖縣馬公市朝陽里11鄰三多路212巷2號,10016,1001601,1001601-011,11鄰,三多路,,212巷,,,,2號,119.57586029303,23.575773936836
澎湖縣馬公市朝陽里11鄰三多路184巷1弄2號,10016,1001601,1001601-011,11鄰,三多路,,184巷,1弄,,,2號,119.57608750648,23.575474162408
澎湖縣馬公市朝陽里36鄰三多路1巷2號,10016,1001601,1001601-011,36鄰,三多路,,1巷,,,,2號,119.58064301469,23.574415133916
澎湖縣馬公市朝陽里35鄰三多路12巷2號,10016,1001601,1001601-011,35鄰,三多路,,12巷,,,,2號,119.58050828973,23.574661753865
澎湖縣馬公市朝陽里35鄰三多路2號,10016,1001601,1001601-011,35鄰,三多路,,,,,,2號,119.58065396753,23.574571629096
澎湖縣馬公市朝陽里7鄰三多路139巷2號,10016,1001601,1001601-011,7鄰,三多路,,139巷,,,,2號,119.57577145159,23.575065928386
澎湖縣馬公市朝陽里35鄰三多路12巷3號,10016,1001601,1001601-011,35鄰,三多路,,12巷,,,,3號,119.58014389751,23.57471320774
澎湖縣馬公市朝陽里36鄰三多路1巷3號,10016,1001601,1001601-011,36鄰,三多路,,1巷,,,,3號,119.58056512047,23.574328221368
澎湖縣馬公市朝陽里11鄰三多路184巷3號,10016,1001601,1001601-011,11鄰,三多路,,184巷,,,,3號,119.57618783186,23.575592556204
澎湖縣馬公市朝陽里11鄰三多路184巷1弄3號,10016,1001601,1001601-011,11鄰,三多路,,184巷,1弄,,,3號,119.57605618674,23.575492834551
澎湖縣馬公市朝陽里13鄰三多路146巷5弄3號,10016,1001601,1001601-011,13鄰,三多路,,146巷,5弄,,,3號,119.5769952033,23.575102030505
澎湖縣馬公市朝陽里13鄰三多路146巷3號,10016,1001601,1001601-011,13鄰,三多路,,146巷,,,,3號,119.57702641439,23.574952566093
澎湖縣馬公市朝陽里13鄰三多路146巷15弄3號,10016,1001601,1001601-011,13鄰,三多路,,146巷,15弄,,,3號,119.57703164826,23.575203055409
澎湖縣馬公市朝陽里13鄰三多路176巷3號,10016,1001601,1001601-011,13鄰,三多路,,176巷,,,,3號,119.57626631581,23.575224050431
澎湖縣馬公市朝陽里7鄰三多路139巷3號,10016,1001601,1001601-011,7鄰,三多路,,139巷,,,,3號,119.57592229853,23.57507079577
澎湖縣馬公市朝陽里9鄰三多路212巷3號,10016,1001601,1001601-011,9鄰,三多路,,212巷,,,,3號,119.57556754212,23.575698676055
澎湖縣馬公市朝陽里36鄰三多路1巷4號,10016,1001601,1001601-011,36鄰,三多路,,1巷,,,,4號,119.58065639606,23.574345739164
澎湖縣馬公市朝陽里35鄰三多路12巷4號,10016,1001601,1001601-011,35鄰,三多路,,12巷,,,,4號,119.5803011424,23.574610414134
澎湖縣馬公市朝陽里35鄰三多路4號,10016,1001601,1001601-011,35鄰,三多路,,,,,,4號,119.58058666295,23.574559277696
澎湖縣馬公市朝陽里16鄰三多路146巷4號,10016,1001601,1001601-011,16鄰,三多路,,146巷,,,,4號,119.57718129639,23.574835688232
澎湖縣馬公市朝陽里13鄰三多路184巷4號,10016,1001601,1001601-011,13鄰,三多路,,184巷,,,,4號,119.57618683362,23.575363619863
澎湖縣馬公市朝陽里13鄰三多路146巷5弄4號,10016,1001601,1001601-011,13鄰,三多路,,146巷,5弄,,,4號,119.57694559134,23.575124841758
澎湖縣馬公市朝陽里12鄰三多路146巷15弄4號,10016,1001601,1001601-011,12鄰,三多路,,146巷,15弄,,,4號,119.57707794931,23.575336572655
澎湖縣馬公市朝陽里11鄰三多路184巷1弄4號,10016,1001601,1001601-011,11鄰,三多路,,184巷,1弄,,,4號,119.57601827352,23.57551437139
澎湖縣馬公市朝陽里11鄰三多路212巷4號,10016,1001601,1001601-011,11鄰,三多路,,212巷,,,,4號,119.57591170523,23.575747720772
澎湖縣馬公市朝陽里7鄰三多路139巷4號,10016,1001601,1001601-011,7鄰,三多路,,139巷,,,,4號,119.57575127237,23.575033413574
澎湖縣馬公市朝陽里7鄰三多路139巷5號,10016,1001601,1001601-011,7鄰,三多路,,139巷,,,,5號,119.57588318233,23.575017721827
澎湖縣馬公市朝陽里9鄰三多路212巷5號,10016,1001601,1001601-011,9鄰,三多路,,212巷,,,,5號,119.57560049533,23.575744678698
澎湖縣馬公市朝陽里11鄰三多路184巷5號,10016,1001601,1001601-011,11鄰,三多路,,184巷,,,,5號,119.57621662042,23.575645102096
澎湖縣馬公市朝陽里11鄰三多路184巷1弄5號,10016,1001601,1001601-011,11鄰,三多路,,184巷,1弄,,,5號,119.57598357844,23.57553540505
澎湖縣馬公市朝陽里13鄰三多路146巷5弄5號,10016,1001601,1001601-011,13鄰,三多路,,146巷,5弄,,,5號,119.57688952937,23.57514993222
澎湖縣馬公市朝陽里13鄰三多路146巷15弄5號,10016,1001601,1001601-011,13鄰,三多路,,146巷,15弄,,,5號,119.57696761354,23.575230844536
澎湖縣馬公市朝陽里13鄰三多路176巷5號,10016,1001601,1001601-011,13鄰,三多路,,176巷,,,,5號,119.57628302889,23.575257373043
澎湖縣馬公市朝陽里35鄰三多路12巷5號,10016,1001601,1001601-011,35鄰,三多路,,12巷,,,,5號,119.58011051195,23.574755542764
澎湖縣馬公市朝陽里36鄰三多路1巷5號,10016,1001601,1001601-011,36鄰,三多路,,1巷,,,,5號,119.58057627157,23.574270398433
澎湖縣馬公市朝陽里36鄰三多路1巷6號,10016,1001601,1001601-011,36鄰,三多路,,1巷,,,,6號,119.58066633919,23.574276367175
澎湖縣馬公市朝陽里35鄰三多路12巷6號,10016,1001601,1001601-011,35鄰,三多路,,12巷,,,,6號,119.58032467079,23.574641270727
澎湖縣馬公市朝陽里35鄰三多路6號,10016,1001601,1001601-011,35鄰,三多路,,,,,,6號,119.58053648961,23.574554205989
澎湖縣馬公市朝陽里16鄰三多路146巷6號,10016,1001601,1001601-011,16鄰,三多路,,146巷,,,,6號,119.57719406013,23.574881939043
澎湖縣馬公市朝陽里13鄰三多路184巷6號,10016,1001601,1001601-011,13鄰,三多路,,184巷,,,,6號,119.57621812928,23.575420738922
澎湖縣馬公市朝陽里13鄰三多路146巷5弄6號,10016,1001601,1001601-011,13鄰,三多路,,146巷,5弄,,,6號,119.57683566263,23.575173092681
澎湖縣馬公市朝陽里12鄰三多路146巷15弄6號,10016,1001601,1001601-011,12鄰,三多路,,146巷,15弄,,,6號,119.57701567218,23.575367591921
澎湖縣馬公市朝陽里11鄰三多路184巷1弄6號,10016,1001601,1001601-011,11鄰,三多路,,184巷,1弄,,,6號,119.57595341622,23.575555730905
澎湖縣馬公市朝陽里11鄰三多路212巷6號,10016,1001601,1001601-011,11鄰,三多路,,212巷,,,,6號,119.57597069185,23.575713963363
澎湖縣馬公市朝陽里35鄰三多路12巷7號,10016,1001601,1001601-011,35鄰,三多路,,12巷,,,,7號,119.58015131168,23.574778829078
澎湖縣馬公市朝陽里36鄰三多路1巷7號,10016,1001601,1001601-011,36鄰,三多路,,1巷,,,,7號,119.58058167512,23.574204189987
澎湖縣馬公市朝陽里19鄰三多路107巷7號,10016,1001601,1001601-011,19鄰,三多路,,107巷,,,,7號,119.57694305403,23.574304347604
澎湖縣馬公市朝陽里11鄰三多路184巷7號,10016,1001601,1001601-011,11鄰,三多路,,184巷,,,,7號,119.57626292569,23.575722762331
澎湖縣馬公市朝陽里11鄰三多路184巷1弄7號,10016,1001601,1001601-011,11鄰,三多路,,184巷,1弄,,,7號,119.57591719899,23.575572588615
澎湖縣馬公市朝陽里13鄰三多路146巷5弄7號,10016,1001601,1001601-011,13鄰,三多路,,146巷,5弄,,,7號,119.57677561983,23.575205829611
澎湖縣馬公市朝陽里13鄰三多路146巷15弄7號,10016,1001601,1001601-011,13鄰,三多路,,146巷,15弄,,,7號,119.57690618888,23.575254567778
澎湖縣馬公市朝陽里13鄰三多路176巷7號,10016,1001601,1001601-011,13鄰,三多路,,176巷,,,,7號,119.57630178971,23.575289730345
澎湖縣馬公市朝陽里7鄰三多路139巷7號,10016,1001601,1001601-011,7鄰,三多路,,139巷,,,,7號,119.57585707465,23.574975456445
澎湖縣馬公市朝陽里9鄰三多路212巷7號,10016,1001601,1001601-011,9鄰,三多路,,212巷,,,,7號,119.57563983792,23.575794026155
澎湖縣馬公市朝陽里16鄰三多路146巷8號,10016,1001601,1001601-011,16鄰,三多路,,146巷,,,,8號,119.57720766629,23.574919097173
澎湖縣馬公市朝陽里13鄰三多路184巷8號,10016,1001601,1001601-011,13鄰,三多路,,184巷,,,,8號,119.57624689645,23.57546527663
澎湖縣馬公市朝陽里13鄰三多路146巷5弄8號,10016,1001601,1001601-011,13鄰,三多路,,146巷,5弄,,,8號,119.57671247132,23.575239540197
澎湖縣馬公市朝陽里12鄰三多路146巷15弄8號,10016,1001601,1001601-011,12鄰,三多路,,146巷,15弄,,,8號,119.57694721229,23.575389724991
澎湖縣馬公市朝陽里11鄰三多路184巷1弄8號,10016,1001601,1001601-011,11鄰,三多路,,184巷,1弄,,,8號,119.57588505557,23.575594972776
澎湖縣馬公市朝陽里11鄰三多路212巷8號,10016,1001601,1001601-011,11鄰,三多路,,212巷,,,,8號,119.57601609251,23.57569114093
澎湖縣馬公市朝陽里36鄰三多路1巷8號,10016,1001601,1001601-011,36鄰,三多路,,1巷,,,,8號,119.58067749857,23.574219591574
澎湖縣馬公市朝陽里35鄰三多路12巷8號,10016,1001601,1001601-011,35鄰,三多路,,12巷,,,,8號,119.580294323,23.574679841713
澎湖縣馬公市朝陽里35鄰三多路8號,10016,1001601,1001601-011,35鄰,三多路,,,,,,8號,119.58047945412,23.574546029084
澎湖縣馬公市朝陽里11鄰三多路184巷1弄9號,10016,1001601,1001601-011,11鄰,三多路,,184巷,1弄,,,9號,119.57584907104,23.575613863939
澎湖縣馬公市朝陽里11鄰三多路184巷9號,10016,1001601,1001601-011,11鄰,三多路,,184巷,,,,9號,119.57628170254,23.575758180331
澎湖縣馬公市朝陽里13鄰三多路146巷5弄9號,10016,1001601,1001601-011,13鄰,三多路,,146巷,5弄,,,9號,119.57664515209,23.575269438778
澎湖縣馬公市朝陽里13鄰三多路146巷15弄9號,10016,1001601,1001601-011,13鄰,三多路,,146巷,15弄,,,9號,119.57684475224,23.575276674843
澎湖縣馬公市朝陽里13鄰三多路176巷9號,10016,1001601,1001601-011,13鄰,三多路,,176巷,,,,9號,119.57632263675,23.575322097731
澎湖縣馬公市朝陽里35鄰三多路12巷9號,10016,1001601,1001601-011,35鄰,三多路,,12巷,,,,9號,119.58003945579,23.574792378465
澎湖縣馬公市朝陽里9鄰三多路212巷9號,10016,1001601,1001601-011,9鄰,三多路,,212巷,,,,9號,119.57565921866,23.57585516197
澎湖縣馬公市朝陽里35鄰三多路10號,10016,1001601,1001601-011,35鄰,三多路,,,,,,10號,119.58034137465,23.574509765418
澎湖縣馬公市朝陽里35鄰三多路12巷10號,10016,1001601,1001601-011,35鄰,三多路,,12巷,,,,10號,119.58030564658,23.574710740281
澎湖縣馬公市朝陽里16鄰三多路146巷10號,10016,1001601,1001601-011,16鄰,三多路,,146巷,,,,10號,119.57720634995,23.574959441036
澎湖縣馬公市朝陽里13鄰三多路184巷10號,10016,1001601,1001601-011,13鄰,三多路,,184巷,,,,10號,119.57628932781,23.575514327217
澎湖縣馬公市朝陽里13鄰三多路146巷5弄10號,10016,1001601,1001601-011,13鄰,三多路,,146巷,5弄,,,10號,119.57657243873,23.57529907124
澎湖縣馬公市朝陽里11鄰三多路184巷1弄10號,10016,1001601,1001601-011,11鄰,三多路,,184巷,1弄,,,10號,119.57581495001,23.575636157735
澎湖縣馬公市朝陽里11鄰三多路212巷10號,10016,1001601,1001601-011,11鄰,三多路,,212巷,,,,10號,119.57606757135,23.575665096958
澎湖縣馬公市朝陽里12鄰三多路146巷15弄10號,10016,1001601,1001601-011,12鄰,三多路,,146巷,15弄,,,10號,119.57686560344,23.575424061054
澎湖縣馬公市朝陽里11鄰三多路184巷1弄11號,10016,1001601,1001601-011,11鄰,三多路,,184巷,1弄,,,11號,119.57578083088,23.575660997482
澎湖縣馬公市朝陽里11鄰三多路184巷11號,10016,1001601,1001601-011,11鄰,三多路,,184巷,,,,11號,119.576314247,23.575817585913
澎湖縣馬公市朝陽里13鄰三多路146巷5弄11號,10016,1001601,1001601-011,13鄰,三多路,,146巷,5弄,,,11號,119.57651016354,23.575325359557
澎湖縣馬公市朝陽里13鄰三多路146巷15弄11號,10016,1001601,1001601-011,13鄰,三多路,,146巷,15弄,,,11號,119.57677984447,23.575310938117
澎湖縣馬公市朝陽里13鄰三多路176巷11號,10016,1001601,1001601-011,13鄰,三多路,,176巷,,,,11號,119.57634554153,23.575353481841
澎湖縣馬公市朝陽里35鄰三多路12巷11號,10016,1001601,1001601-011,35鄰,三多路,,12巷,,,,11號,119.5799510389,23.574704854858
澎湖縣馬公市朝陽里36鄰三多路11號,10016,1001601,1001601-011,36鄰,三多路,,,,,,11號,119.58028714784,23.574359727263
澎湖縣馬公市朝陽里9鄰三多路212巷11號,10016,1001601,1001601-011,9鄰,三多路,,212巷,,,,11號,119.57571595151,23.575930444223
澎湖縣馬公市朝陽里35鄰三多路12巷12號,10016,1001601,1001601-011,35鄰,三多路,,12巷,,,,12號,119.58026719564,23.574757768855
澎湖縣馬公市朝陽里16鄰三多路146巷12號,10016,1001601,1001601-011,16鄰,三多路,,146巷,,,,12號,119.57722364783,23.574985781108
澎湖縣馬公市朝陽里13鄰三多路146巷5弄12號,10016,1001601,1001601-011,13鄰,三多路,,146巷,5弄,,,12號,119.57643491371,23.575200532901
澎湖縣馬公市朝陽里11鄰三多路184巷1弄12號,10016,1001601,1001601-011,11鄰,三多路,,184巷,1弄,,,12號,119.57574575489,23.575676475273
澎湖縣馬公市朝陽里12鄰三多路184巷12號,10016,1001601,1001601-011,12鄰,三多路,,184巷,,,,12號,119.57637933684,23.575650213242
澎湖縣馬公市朝陽里12鄰三多路146巷15弄12號,10016,1001601,1001601-011,12鄰,三多路,,146巷,15弄,,,12號,119.57679188876,23.575450262771
澎湖縣馬公市朝陽里11鄰三多路212巷12號,10016,1001601,1001601-011,11鄰,三多路,,212巷,,,,12號,119.57613018493,23.575638333436
澎湖縣馬公市朝陽里11鄰三多路184巷13號,10016,1001601,1001601-011,11鄰,三多路,,184巷,,,,13號,119.57634417647,23.575846091204
澎湖縣馬公市朝陽里13鄰三多路146巷5弄13號,10016,1001601,1001601-011,13鄰,三多路,,146巷,5弄,,,13號,119.57649584558,23.575170738405
澎湖縣馬公市朝陽里13鄰三多路146巷15弄13號,10016,1001601,1001601-011,13鄰,三多路,,146巷,15弄,,,13號,119.57671402377,23.575336300256
澎湖縣馬公市朝陽里13鄰三多路176巷13號,10016,1001601,1001601-011,13鄰,三多路,,176巷,,,,13號,119.57636017742,23.575387778513
澎湖縣馬公市朝陽里13鄰三多路146巷13號,10016,1001601,1001601-011,13鄰,三多路,,146巷,,,,13號,119.57714215572,23.575141998674
澎湖縣馬公市朝陽里35鄰三多路12巷13號,10016,1001601,1001601-011,35鄰,三多路,,12巷,,,,13號,119.57990455364,23.574727524122
澎湖縣馬公市朝陽里36鄰三多路13號,10016,1001601,1001601-011,36鄰,三多路,,,,,,13號,119.58019831893,23.574311436493
澎湖縣馬公市朝陽里9鄰三多路212巷13號,10016,1001601,1001601-011,9鄰,三多路,,212巷,,,,13號,119.57575347022,23.575977265106
澎湖縣馬公市朝陽里35鄰三多路14號,10016,1001601,1001601-011,35鄰,三多路,,,,,,14號,119.58022390507,23.574493398451
澎湖縣馬公市朝陽里16鄰三多路146巷14號,10016,1001601,1001601-011,16鄰,三多路,,146巷,,,,14號,119.57724289771,23.575020038698
澎湖縣馬公市朝陽里13鄰三多路146巷5弄14號,10016,1001601,1001601-011,13鄰,三多路,,146巷,5弄,,,14號,119.57655988257,23.575140927187
澎湖縣馬公市朝陽里12鄰三多路184巷14號,10016,1001601,1001601-011,12鄰,三多路,,184巷,,,,14號,119.57648659583,23.575755128133
澎湖縣馬公市朝陽里11鄰三多路212巷14號,10016,1001601,1001601-011,11鄰,三多路,,212巷,,,,14號,119.57619648845,23.575748046362
澎湖縣馬公市朝陽里12鄰三多路146巷15弄14號,10016,1001601,1001601-011,12鄰,三多路,,146巷,15弄,,,14號,119.57671731077,23.575482947796
澎湖縣馬公市朝陽里13鄰三多路146巷5弄15號,10016,1001601,1001601-011,13鄰,三多路,,146巷,5弄,,,15號,119.57661770006,23.575110183239
澎湖縣馬公市朝陽里13鄰三多路146巷15弄15號,10016,1001601,1001601-011,13鄰,三多路,,146巷,15弄,,,15號,119.57664559294,23.575365728216
澎湖縣馬公市朝陽里13鄰三多路176巷15號,10016,1001601,1001601-011,13鄰,三多路,,176巷,,,,15號,119.57637584344,23.575419195609
澎湖縣馬公市朝陽里35鄰三多路12巷15號,10016,1001601,1001601-011,35鄰,三多路,,12巷,,,,15號,119.57984371257,23.57476353221
澎湖縣馬公市朝陽里9鄰三多路212巷15號,10016,1001601,1001601-011,9鄰,三多路,,212巷,,,,15號,119.57579101738,23.576034161673
澎湖縣馬公市朝陽里35鄰三多路12巷16號,10016,1001601,1001601-011,35鄰,三多路,,12巷,,,,16號,119.58021523022,23.574984903438
澎湖縣馬公市朝陽里35鄰三多路16號,10016,1001601,1001601-011,35鄰,三多路,,,,,,16號,119.58015663231,23.574486292529
澎湖縣馬公市朝陽里16鄰三多路146巷16號,10016,1001601,1001601-011,16鄰,三多路,,146巷,,,,16號,119.57726403626,23.575049005016
澎湖縣馬公市朝陽里13鄰三多路146巷5弄16號,10016,1001601,1001601-011,13鄰,三多路,,146巷,5弄,,,16號,119.5766703538,23.575082335152
澎湖縣馬公市朝陽里12鄰三多路184巷16號,10016,1001601,1001601-011,12鄰,三多路,,184巷,,,,16號,119.57660937574,23.575716899104
澎湖縣馬公市朝陽里12鄰三多路146巷15弄16號,10016,1001601,1001601-011,12鄰,三多路,,146巷,15弄,,,16號,119.57663393447,23.575514044487
澎湖縣馬公市朝陽里11鄰三多路212巷16號,10016,1001601,1001601-011,11鄰,三多路,,212巷,,,,16號,119.57613899042,23.575769114871
澎湖縣馬公市朝陽里12鄰三多路146巷17號,10016,1001601,1001601-011,12鄰,三多路,,146巷,,,,17號,119.57722372192,23.575269735749
澎湖縣馬公市朝陽里13鄰三多路146巷15弄17號,10016,1001601,1001601-011,13鄰,三多路,,146巷,15弄,,,17號,119.57656312631,23.5754033064
澎湖縣馬公市朝陽里35鄰三多路12巷17號,10016,1001601,1001601-011,35鄰,三多路,,12巷,,,,17號,119.57990167544,23.574576230723
澎湖縣馬公市朝陽里35鄰三多路12巷18號,10016,1001601,1001601-011,35鄰,三多路,,12巷,,,,18號,119.58025201169,23.575095852724
澎湖縣馬公市朝陽里35鄰三多路18號,10016,1001601,1001601-011,35鄰,三多路,,,,,,18號,119.58008478526,23.57447919895
澎湖縣馬公市朝陽里16鄰三多路146巷18號,10016,1001601,1001601-011,16鄰,三多路,,146巷,,,,18號,119.57728229441,23.575076220578
澎湖縣馬公市朝陽里11鄰三多路212巷18號,10016,1001601,1001601-011,11鄰,三多路,,212巷,,,,18號,119.57608665241,23.575794898204
澎湖縣馬公市朝陽里12鄰三多路146巷15弄18號,10016,1001601,1001601-011,12鄰,三多路,,146巷,15弄,,,18號,119.57657349152,23.575562071378
澎湖縣馬公市朝陽里13鄰三多路146巷15弄19號,10016,1001601,1001601-011,13鄰,三多路,,146巷,15弄,,,19號,119.57647435636,23.5754422713
澎湖縣馬公市朝陽里12鄰三多路146巷19號,10016,1001601,1001601-011,12鄰,三多路,,146巷,,,,19號,119.57723887707,23.575307675453
澎湖縣馬公市朝陽里35鄰三多路12巷19號,10016,1001601,1001601-011,35鄰,三多路,,12巷,,,,19號,119.5798429866,23.574597921739
澎湖縣馬公市朝陽里35鄰三多路12巷20號,10016,1001601,1001601-011,35鄰,三多路,,12巷,,,,20號,119.58027562669,23.575161468598
澎湖縣馬公市朝陽里35鄰三多路20號,10016,1001601,1001601-011,35鄰,三多路,,,,,,20號,119.58002431777,23.574466828531
澎湖縣馬公市朝陽里16鄰三多路146巷20號,10016,1001601,1001601-011,16鄰,三多路,,146巷,,,,20號,119.57729579258,23.575105225276
澎湖縣馬公市朝陽里12鄰三多路146巷15弄20號,10016,1001601,1001601-011,12鄰,三多路,,146巷,15弄,,,20號,119.57654011215,23.575574639769
澎湖縣馬公市朝陽里11鄰三多路212巷20號,10016,1001601,1001601-011,11鄰,三多路,,212巷,,,,20號,119.57603535134,23.575823525864
澎湖縣馬公市朝陽里12鄰三多路146巷21號,10016,1001601,1001601-011,12鄰,三多路,,146巷,,,,21號,119.57727178584,23.575336036314
澎湖縣馬公市朝陽里13鄰三多路146巷15弄21號,10016,1001601,1001601-011,13鄰,三多路,,146巷,15弄,,,21號,119.57642041372,23.575465187153
澎湖縣馬公市朝陽里35鄰三多路12巷21號,10016,1001601,1001601-011,35鄰,三多路,,12巷,,,,21號,119.57978540355,23.574620615938
澎湖縣馬公市朝陽里35鄰三多路12巷22號,10016,1001601,1001601-011,35鄰,三多路,,12巷,,,,22號,119.58029144708,23.575222336658
澎湖縣馬公市朝陽里35鄰三多路22號,10016,1001601,1001601-011,35鄰,三多路,,,,,,22號,119.57995130733,23.574451337083
澎湖縣馬公市朝陽里11鄰三多路212巷22號,10016,1001601,1001601-011,11鄰,三多路,,212巷,,,,22號,119.57598200217,23.575854057737
澎湖縣馬公市朝陽里12鄰三多路146巷15弄22號,10016,1001601,1001601-011,12鄰,三多路,,146巷,15弄,,,22號,119.57650996707,23.575587932951
澎湖縣馬公市朝陽里13鄰三多路146巷15弄23號,10016,1001601,1001601-011,13鄰,三多路,,146巷,15弄,,,23號,119.57634015947,23.575494696245
澎湖縣馬公市朝陽里12鄰三多路146巷23號,10016,1001601,1001601-011,12鄰,三多路,,146巷,,,,23號,119.57729067107,23.575370507237
澎湖縣馬公市朝陽里35鄰三多路12巷23號,10016,1001601,1001601-011,35鄰,三多路,,12巷,,,,23號,119.57972563243,23.574646395809
澎湖縣馬公市朝陽里12鄰三多路146巷15弄24號,10016,1001601,1001601-011,12鄰,三多路,,146巷,15弄,,,24號,119.57647598613,23.575601786844
澎湖縣馬公市朝陽里11鄰三多路212巷24號,10016,1001601,1001601-011,11鄰,三多路,,212巷,,,,24號,119.57592453969,23.575882719175
澎湖縣馬公市朝陽里12鄰三多路146巷25號,10016,1001601,1001601-011,12鄰,三多路,,146巷,,,,25號,119.57730674562,23.575405846213
澎湖縣馬公市朝陽里35鄰三多路12巷25號,10016,1001601,1001601-011,35鄰,三多路,,12巷,,,,25號,119.57966030728,23.574672206144
澎湖縣馬公市朝陽里35鄰三多路12巷26號,10016,1001601,1001601-011,35鄰,三多路,,12巷,,,,26號,119.58030859113,23.575290367126
澎湖縣馬公市朝陽里35鄰三多路26號,10016,1001601,1001601-011,35鄰,三多路,,,,,,26號,119.57982492725,23.574469321855
澎湖縣馬公市朝陽里11鄰三多路212巷26號,10016,1001601,1001601-011,11鄰,三多路,,212巷,,,,26號,119.57604749804,23.575977802117
澎湖縣馬公市朝陽里12鄰三多路146巷15弄26號,10016,1001601,1001601-011,12鄰,三多路,,146巷,15弄,,,26號,119.57644128024,23.575615652145
澎湖縣馬公市朝陽里12鄰三多路146巷27號,10016,1001601,1001601-011,12鄰,三多路,,146巷,,,,27號,119.57732564167,23.575442041612
澎湖縣馬公市朝陽里35鄰三多路12巷27號,10016,1001601,1001601-011,35鄰,三多路,,12巷,,,,27號,119.5796082768,23.574695908013
澎湖縣馬公市朝陽里35鄰三多路12巷27之1號,10016,1001601,1001601-011,35鄰,三多路,,12巷,,,,27之1號,119.57957894642,23.574582543956
澎湖縣馬公市朝陽里35鄰三多路12巷28號,10016,1001601,1001601-011,35鄰,三多路,,12巷,,,,28號,119.58033605086,23.575346403109
澎湖縣馬公市朝陽里35鄰三多路28號,10016,1001601,1001601-011,35鄰,三多路,,,,,,28號,119.57977325085,23.57446649321
澎湖縣馬公市朝陽里12鄰三多路146巷15弄28號,10016,1001601,1001601-011,12鄰,三多路,,146巷,15弄,,,28號,119.57640530389,23.575623799997
澎湖縣馬公市朝陽里11鄰三多路212巷28號,10016,1001601,1001601-011,11鄰,三多路,,212巷,,,,28號,119.57610613688,23.575949052105
澎湖縣馬公市朝陽里35鄰三多路12巷29號,10016,1001601,1001601-011,35鄰,三多路,,12巷,,,,29號,119.57938778132,23.574493295357
澎湖縣馬公市朝陽里12鄰三多路146巷29號,10016,1001601,1001601-011,12鄰,三多路,,146巷,,,,29號,119.57734920855,23.575475634518
澎湖縣馬公市朝陽里11鄰三多路212巷30號,10016,1001601,1001601-011,11鄰,三多路,,212巷,,,,30號,119.57615592643,23.575917991024
澎湖縣馬公市朝陽里35鄰三多路12巷30號,10016,1001601,1001601-011,35鄰,三多路,,12巷,,,,30號,119.58036353751,23.575407224268
澎湖縣馬公市朝陽里35鄰三多路30號,10016,1001601,1001601-011,35鄰,三多路,,,,,,30號,119.5797191454,23.574468210605
澎湖縣馬公市朝陽里12鄰三多路146巷31號,10016,1001601,1001601-011,12鄰,三多路,,146巷,,,,31號,119.57736902408,23.575509220161
澎湖縣馬公市朝陽里11鄰三多路212巷32號,10016,1001601,1001601-011,11鄰,三多路,,212巷,,,,32號,119.57621836645,23.575890982121
澎湖縣馬公市朝陽里35鄰三多路32號,10016,1001601,1001601-011,35鄰,三多路,,,,,,32號,119.57966909659,23.574461586912
澎湖縣馬公市朝陽里12鄰三多路146巷33號,10016,1001601,1001601-011,12鄰,三多路,,146巷,,,,33號,119.57738792061,23.575546282262
澎湖縣馬公市朝陽里35鄰三多路36號,10016,1001601,1001601-011,35鄰,三多路,,,,,,36號,119.57962377057,23.574453895906
澎湖縣馬公市朝陽里35鄰三多路36之1號,10016,1001601,1001601-011,35鄰,三多路,,,,,,36之1號,119.57957599012,23.574444006661
澎湖縣馬公市朝陽里35鄰三多路36之2號,10016,1001601,1001601-011,35鄰,三多路,,,,,,36之2號,119.57952548878,23.574436656532
澎湖縣馬公市朝陽里35鄰三多路36之3號,10016,1001601,1001601-011,35鄰,三多路,,,,,,36之3號,119.57945993037,23.574416791114
澎湖縣馬公市朝陽里35鄰三多路42號,10016,1001601,1001601-011,35鄰,三多路,,,,,,42號,119.57926073083,23.574402456944
澎湖縣馬公市朝陽里30鄰三多路45號,10016,1001601,1001601-011,30鄰,三多路,,,,,,45號,119.57940644504,23.574174274838
澎湖縣馬公市朝陽里35鄰三多路46號,10016,1001601,1001601-011,35鄰,三多路,,,,,,46號,119.57921590838,23.574445364316
澎湖縣馬公市朝陽里29鄰三多路47號,10016,1001601,1001601-011,29鄰,三多路,,,,,,47號,119.57904094884,23.574216462192
澎湖縣馬公市朝陽里29鄰三多路49號,10016,1001601,1001601-011,29鄰,三多路,,,,,,49號,119.57895781649,23.574179517069
澎湖縣馬公市朝陽里31鄰三多路50號,10016,1001601,1001601-011,31鄰,三多路,,,,,,50號,119.57903175478,23.574414546549
澎湖縣馬公市朝陽里29鄰三多路51號,10016,1001601,1001601-011,29鄰,三多路,,,,,,51號,119.57886409361,23.574188293034
澎湖縣馬公市朝陽里31鄰三多路52號,10016,1001601,1001601-011,31鄰,三多路,,,,,,52號,119.57896697557,23.574422395518
澎湖縣馬公市朝陽里29鄰三多路53號,10016,1001601,1001601-011,29鄰,三多路,,,,,,53號,119.57874637601,23.57420138163
澎湖縣馬公市朝陽里29鄰三多路55號,10016,1001601,1001601-011,29鄰,三多路,,,,,,55號,119.57891030066,23.573872070444
澎湖縣馬公市朝陽里31鄰三多路56號,10016,1001601,1001601-011,31鄰,三多路,,,,,,56號,119.57885327394,23.574392691254
澎湖縣馬公市朝陽里29鄰三多路57號,10016,1001601,1001601-011,29鄰,三多路,,,,,,57號,119.57882444016,23.573899326742
澎湖縣馬公市朝陽里29鄰三多路59號,10016,1001601,1001601-011,29鄰,三多路,,,,,,59號,119.57872418304,23.573937339296
澎湖縣馬公市朝陽里29鄰三多路61號,10016,1001601,1001601-011,29鄰,三多路,,,,,,61號,119.57862416983,23.573968158559
澎湖縣馬公市朝陽里29鄰三多路63號,10016,1001601,1001601-011,29鄰,三多路,,,,,,63號,119.57864559758,23.574197724333
澎湖縣馬公市朝陽里29鄰三多路65號,10016,1001601,1001601-011,29鄰,三多路,,,,,,65號,119.57859205682,23.574202498027
澎湖縣馬公市朝陽里29鄰三多路67號,10016,1001601,1001601-011,29鄰,三多路,,,,,,67號,119.57853187518,23.574202723952
澎湖縣馬公市朝陽里29鄰三多路69號,10016,1001601,1001601-011,29鄰,三多路,,,,,,69號,119.5784688197,23.574206047313
澎湖縣馬公市朝陽里28鄰三多路75號,10016,1001601,1001601-011,28鄰,三多路,,,,,,75號,119.57819217509,23.574263391198
澎湖縣馬公市朝陽里28鄰三多路75之2號,10016,1001601,1001601-011,28鄰,三多路,,,,,,75之2號,119.57798627894,23.574352484067
澎湖縣馬公市朝陽里19鄰三多路95號,10016,1001601,1001601-011,19鄰,三多路,,,,,,95號,119.57716867265,23.57456469146
澎湖縣馬公市朝陽里19鄰三多路97號,10016,1001601,1001601-011,19鄰,三多路,,,,,,97號,119.57714044283,23.574539352722
澎湖縣馬公市朝陽里17鄰三多路109號,10016,1001601,1001601-011,17鄰,三多路,,,,,,109號,119.57693490709,23.57461853452
澎湖縣馬公市朝陽里19鄰三多路109之1號,10016,1001601,1001601-011,19鄰,三多路,,,,,,109之1號,119.57703472721,23.574619340289
澎湖縣馬公市朝陽里17鄰三多路111號,10016,1001601,1001601-011,17鄰,三多路,,,,,,111號,119.57689161892,23.574631707424
澎湖縣馬公市朝陽里17鄰三多路113號,10016,1001601,1001601-011,17鄰,三多路,,,,,,113號,119.57685338376,23.574650433775
澎湖縣馬公市朝陽里17鄰三多路115號,10016,1001601,1001601-011,17鄰,三多路,,,,,,115號,119.57681437858,23.574668809995
澎湖縣馬公市朝陽里17鄰三多路117號,10016,1001601,1001601-011,17鄰,三多路,,,,,,117號,119.57674873954,23.574699157375
澎湖縣馬公市朝陽里31鄰三多路118號,10016,1001601,1001601-011,31鄰,三多路,,,,,,118號,119.57826181111,23.574443941747
澎湖縣馬公市朝陽里17鄰三多路119號,10016,1001601,1001601-011,17鄰,三多路,,,,,,119號,119.57671150421,23.574715085087
澎湖縣馬公市朝陽里31鄰三多路120號,10016,1001601,1001601-011,31鄰,三多路,,,,,,120號,119.57812295361,23.574527283266
澎湖縣馬公市朝陽里17鄰三多路121號,10016,1001601,1001601-011,17鄰,三多路,,,,,,121號,119.57666723498,23.57473475825
澎湖縣馬公市朝陽里31鄰三多路122號,10016,1001601,1001601-011,31鄰,三多路,,,,,,122號,119.57807834656,23.574538331847
澎湖縣馬公市朝陽里17鄰三多路123號,10016,1001601,1001601-011,17鄰,三多路,,,,,,123號,119.57662698208,23.574752572273
澎湖縣馬公市朝陽里31鄰三多路124號,10016,1001601,1001601-011,31鄰,三多路,,,,,,124號,119.57803540748,23.574545477451
澎湖縣馬公市朝陽里17鄰三多路125號,10016,1001601,1001601-011,17鄰,三多路,,,,,,125號,119.57651736801,23.574816173746
澎湖縣馬公市朝陽里31鄰三多路126號,10016,1001601,1001601-011,31鄰,三多路,,,,,,126號,119.57799669442,23.574554936815
澎湖縣馬公市朝陽里17鄰三多路127號,10016,1001601,1001601-011,17鄰,三多路,,,,,,127號,119.57647107134,23.57483492546
澎湖縣馬公市朝陽里31鄰三多路128號,10016,1001601,1001601-011,31鄰,三多路,,,,,,128號,119.57795543027,23.574562079668
澎湖縣馬公市朝陽里17鄰三多路129號,10016,1001601,1001601-011,17鄰,三多路,,,,,,129號,119.57640618428,23.574866371986
澎湖縣馬公市朝陽里31鄰三多路130號,10016,1001601,1001601-011,31鄰,三多路,,,,,,130號,119.57791425641,23.574569024716
澎湖縣馬公市朝陽里17鄰三多路131號,10016,1001601,1001601-011,17鄰,三多路,,,,,,131號,119.57636413346,23.574887410578
澎湖縣馬公市朝陽里31鄰三多路132號,10016,1001601,1001601-011,31鄰,三多路,,,,,,132號,119.57787160814,23.574569176103
澎湖縣馬公市朝陽里17鄰三多路133號,10016,1001601,1001601-011,17鄰,三多路,,,,,,133號,119.57631638017,23.574905896111
澎湖縣馬公市朝陽里31鄰三多路134號,10016,1001601,1001601-011,31鄰,三多路,,,,,,134號,119.57776268589,23.574570445299
澎湖縣馬公市朝陽里17鄰三多路135號,10016,1001601,1001601-011,17鄰,三多路,,,,,,135號,119.57625299167,23.574938250088
澎湖縣馬公市朝陽里31鄰三多路136號,10016,1001601,1001601-011,31鄰,三多路,,,,,,136號,119.57767994518,23.574567169131
澎湖縣馬公市朝陽里7鄰三多路137號,10016,1001601,1001601-011,7鄰,三多路,,,,,,137號,119.57609031129,23.575048844147
澎湖縣馬公市朝陽里7鄰三多路141號,10016,1001601,1001601-011,7鄰,三多路,,,,,,141號,119.57586054051,23.575140848082
澎湖縣馬公市朝陽里16鄰三多路142號,10016,1001601,1001601-011,16鄰,三多路,,,,,,142號,119.57732682043,23.574687333582
澎湖縣馬公市朝陽里7鄰三多路143號,10016,1001601,1001601-011,7鄰,三多路,,,,,,143號,119.57582498002,23.575158578499
澎湖縣馬公市朝陽里16鄰三多路144號,10016,1001601,1001601-011,16鄰,三多路,,,,,,144號,119.57715459411,23.574757675087
澎湖縣馬公市朝陽里7鄰三多路145號,10016,1001601,1001601-011,7鄰,三多路,,,,,,145號,119.57579324368,23.575178646138
澎湖縣馬公市朝陽里7鄰三多路147號,10016,1001601,1001601-011,7鄰,三多路,,,,,,147號,119.57575640293,23.575195200171
澎湖縣馬公市朝陽里13鄰三多路148號,10016,1001601,1001601-011,13鄰,三多路,,,,,,148號,119.57696023521,23.574833104216
澎湖縣馬公市朝陽里7鄰三多路149號,10016,1001601,1001601-011,7鄰,三多路,,,,,,149號,119.57575644569,23.575205763515
澎湖縣馬公市朝陽里13鄰三多路150號,10016,1001601,1001601-011,13鄰,三多路,,,,,,150號,119.57691286807,23.574848487783
澎湖縣馬公市朝陽里13鄰三多路152號,10016,1001601,1001601-011,13鄰,三多路,,,,,,152號,119.57688204152,23.57487140786
澎湖縣馬公市朝陽里13鄰三多路156號,10016,1001601,1001601-011,13鄰,三多路,,,,,,156號,119.57680153204,23.574905555352
澎湖縣馬公市朝陽里13鄰三多路158號,10016,1001601,1001601-011,13鄰,三多路,,,,,,158號,119.57676355086,23.574921611665
澎湖縣馬公市朝陽里13鄰三多路160號,10016,1001601,1001601-011,13鄰,三多路,,,,,,160號,119.57673063782,23.574940910362
澎湖縣馬公市朝陽里13鄰三多路162號,10016,1001601,1001601-011,13鄰,三多路,,,,,,162號,119.57669267411,23.574956253592
澎湖縣馬公市朝陽里13鄰三多路164號,10016,1001601,1001601-011,13鄰,三多路,,,,,,164號,119.57661978626,23.574986642852
澎湖縣馬公市朝陽里13鄰三多路166號,10016,1001601,1001601-011,13鄰,三多路,,,,,,166號,119.57657023249,23.575011323349
澎湖縣馬公市朝陽里13鄰三多路168號,10016,1001601,1001601-011,13鄰,三多路,,,,,,168號,119.57650489157,23.575037619701
澎湖縣馬公市朝陽里13鄰三多路170號,10016,1001601,1001601-011,13鄰,三多路,,,,,,170號,119.57646183514,23.575058351175
澎湖縣馬公市朝陽里13鄰三多路172號,10016,1001601,1001601-011,13鄰,三多路,,,,,,172號,119.57640542726,23.575087356515
澎湖縣馬公市朝陽里13鄰三多路174號,10016,1001601,1001601-011,13鄰,三多路,,,,,,174號,119.57636088683,23.575109455675
澎湖縣馬公市朝陽里13鄰三多路178號,10016,1001601,1001601-011,13鄰,三多路,,,,,,178號,119.57622980421,23.575157413043
澎湖縣馬公市朝陽里13鄰三多路180號,10016,1001601,1001601-011,13鄰,三多路,,,,,,180號,119.57614468212,23.575227784058
澎湖縣馬公市朝陽里13鄰三多路182號,10016,1001601,1001601-011,13鄰,三多路,,,,,,182號,119.57610813216,23.575245532557
澎湖縣馬公市朝陽里11鄰三多路186號,10016,1001601,1001601-011,11鄰,三多路,,,,,,186號,119.57602393662,23.575293558253
澎湖縣馬公市朝陽里11鄰三多路188號,10016,1001601,1001601-011,11鄰,三多路,,,,,,188號,119.57599377839,23.575317152351
澎湖縣馬公市朝陽里11鄰三多路190號,10016,1001601,1001601-011,11鄰,三多路,,,,,,190號,119.57595963762,23.575338561243
澎湖縣馬公市朝陽里11鄰三多路192號,10016,1001601,1001601-011,11鄰,三多路,,,,,,192號,119.57592786154,23.575357770868
澎湖縣馬公市朝陽里11鄰三多路194號,10016,1001601,1001601-011,11鄰,三多路,,,,,,194號,119.57589417057,23.575377432403
澎湖縣馬公市朝陽里11鄰三多路196號,10016,1001601,1001601-011,11鄰,三多路,,,,,,196號,119.5758615198,23.575398728532
澎湖縣馬公市朝陽里11鄰三多路198號,10016,1001601,1001601-011,11鄰,三多路,,,,,,198號,119.57582772699,23.575420564905
澎湖縣馬公市朝陽里11鄰三多路200號,10016,1001601,1001601-011,11鄰,三多路,,,,,,200號,119.57579302728,23.575441119987
澎湖縣馬公市朝陽里11鄰三多路202號,10016,1001601,1001601-011,11鄰,三多路,,,,,,202號,119.57576362616,23.575469885086
澎湖縣馬公市朝陽里11鄰三多路204號,10016,1001601,1001601-011,11鄰,三多路,,,,,,204號,119.57573262069,23.575485752284
澎湖縣馬公市朝陽里11鄰三多路206號,10016,1001601,1001601-011,11鄰,三多路,,,,,,206號,119.5756946115,23.575501654588
澎湖縣馬公市朝陽里11鄰三多路208號,10016,1001601,1001601-011,11鄰,三多路,,,,,,208號,119.57566518005,23.575523241998
澎湖縣馬公市朝陽里11鄰三多路210號,10016,1001601,1001601-011,11鄰,三多路,,,,,,210號,119.57562795865,23.575540568928
澎湖縣馬公市朝陽里9鄰三多路218號,10016,1001601,1001601-011,9鄰,三多路,,,,,,218號,119.57533536816,23.57568920765
澎湖縣馬公市西衛里2鄰三多路288巷1號,10016,1001601,1001601-014,2鄰,三多路,,288巷,,,,1號,119.57381515507,23.577021658498
澎湖縣馬公市西衛里2鄰三多路288巷3號,10016,1001601,1001601-014,2鄰,三多路,,288巷,,,,3號,119.57383355886,23.577055294799
澎湖縣馬公市西衛里2鄰三多路288巷5號,10016,1001601,1001601-014,2鄰,三多路,,288巷,,,,5號,119.57386043566,23.577082553734
澎湖縣馬公市西衛里2鄰三多路288巷7號,10016,1001601,1001601-014,2鄰,三多路,,288巷,,,,7號,119.57388012448,23.577116924077
澎湖縣馬公市西衛里2鄰三多路288巷9號,10016,1001601,1001601-014,2鄰,三多路,,288巷,,,,9號,119.5739041371,23.57717085298
澎湖縣馬公市西衛里2鄰三多路288巷10號,10016,1001601,1001601-014,2鄰,三多路,,288巷,,,,10號,119.57398154271,23.577042496854
澎湖縣馬公市西衛里2鄰三多路288巷11號,10016,1001601,1001601-014,2鄰,三多路,,288巷,,,,11號,119.57394057592,23.577231468424
澎湖縣馬公市西衛里2鄰三多路288巷12號,10016,1001601,1001601-014,2鄰,三多路,,288巷,,,,12號,119.57406869575,23.577163353132
澎湖縣馬公市西衛里2鄰三多路288巷13號,10016,1001601,1001601-014,2鄰,三多路,,288巷,,,,13號,119.57400521742,23.577330811674
澎湖縣馬公市西衛里2鄰三多路288巷14號,10016,1001601,1001601-014,2鄰,三多路,,288巷,,,,14號,119.57412009324,23.577264624187
澎湖縣馬公市西衛里2鄰三多路288巷16號,10016,1001601,1001601-014,2鄰,三多路,,288巷,,,,16號,119.57416383679,23.577245669234
澎湖縣馬公市西衛里4鄰三多路234號,10016,1001601,1001601-014,4鄰,三多路,,,,,,234號,119.5749712519,23.575944263854
澎湖縣馬公市西衛里4鄰三多路236號,10016,1001601,1001601-014,4鄰,三多路,,,,,,236號,119.57488969325,23.576023776223
澎湖縣馬公市西衛里4鄰三多路238號,10016,1001601,1001601-014,4鄰,三多路,,,,,,238號,119.57486795711,23.576066532861
澎湖縣馬公市西衛里4鄰三多路244號,10016,1001601,1001601-014,4鄰,三多路,,,,,,244號,119.57483064326,23.5760869554
澎湖縣馬公市西衛里4鄰三多路246號,10016,1001601,1001601-014,4鄰,三多路,,,,,,246號,119.57480489982,23.57610985846
澎湖縣馬公市西衛里4鄰三多路248號,10016,1001601,1001601-014,4鄰,三多路,,,,,,248號,119.57477955109,23.576133397107
澎湖縣馬公市西衛里4鄰三多路250號,10016,1001601,1001601-014,4鄰,三多路,,,,,,250號,119.57474796679,23.576146604508
澎湖縣馬公市西衛里4鄰三多路252號,10016,1001601,1001601-014,4鄰,三多路,,,,,,252號,119.57473327356,23.576182970589
澎湖縣馬公市西衛里2鄰三多路254號,10016,1001601,1001601-014,2鄰,三多路,,,,,,254號,119.57461336769,23.576223454414
澎湖縣馬公市西衛里2鄰三多路256號,10016,1001601,1001601-014,2鄰,三多路,,,,,,256號,119.57457685669,23.576236643668
澎湖縣馬公市西衛里2鄰三多路258號,10016,1001601,1001601-014,2鄰,三多路,,,,,,258號,119.57454685588,23.57625468659
澎湖縣馬公市西衛里1鄰三多路264號,10016,1001601,1001601-014,1鄰,三多路,,,,,,264號,119.57438553009,23.576364731406
澎湖縣馬公市西衛里1鄰三多路268號,10016,1001601,1001601-014,1鄰,三多路,,,,,,268號,119.57422998611,23.576444566706
澎湖縣馬公市西衛里1鄰三多路270號,10016,1001601,1001601-014,1鄰,三多路,,,,,,270號,119.57414208623,23.576496258873
澎湖縣馬公市西衛里1鄰三多路282號,10016,1001601,1001601-014,1鄰,三多路,,,,,,282號,119.57394000945,23.576660107222
澎湖縣馬公市西衛里1鄰三多路286號,10016,1001601,1001601-014,1鄰,三多路,,,,,,286號,119.57386321079,23.57671779649
澎湖縣馬公市西衛里1鄰三多路286之1號,10016,1001601,1001601-014,1鄰,三多路,,,,,,286之1號,119.573907401,23.576686495182
