FULL_ADDR,COUNTY,TOWN,VILLAGE,NEIGHBORHOOD,ROAD,SECTION,LANE,ALLEY,SUB_ALLEY,TONG,NUMBER,X,Y
嘉義市西區新西里4鄰新建街169巷1號,10020,1002002,1002002-022,4鄰,新建街,,169巷,,,,1號,120.4377399969,23.472300006496
嘉義市西區新西里6鄰新建街163巷1號,10020,1002002,1002002-022,6鄰,新建街,,163巷,,,,1號,120.43777000253,23.472110008293
嘉義市西區新西里4鄰新建街169巷2號,10020,1002002,1002002-022,4鄰,新建街,,169巷,,,,2號,120.43770000231,23.472290001637
嘉義市西區新西里4鄰新建街163巷2號,10020,1002002,1002002-022,4鄰,新建街,,163巷,,,,2號,120.43785999634,23.472190003509
嘉義市西區新西里4鄰新建街163巷2之1號,10020,1002002,1002002-022,4鄰,新建街,,163巷,,,,2之1號,120.43784967265,23.472182200582
嘉義市西區新西里6鄰新建街163巷3號,10020,1002002,1002002-022,6鄰,新建街,,163巷,,,,3號,120.43769000043,23.472100003658
嘉義市西區新西里6鄰新建街163巷5號,10020,1002002,1002002-022,6鄰,新建街,,163巷,,,,5號,120.43762000265,23.472090007973
嘉義市西區新西里4鄰新建街163巷6號,10020,1002002,1002002-022,4鄰,新建街,,163巷,,,,6號,120.4377899985,23.472180007899
嘉義市西區新西里6鄰新建街163巷7號,10020,1002002,1002002-022,6鄰,新建街,,163巷,,,,7號,120.4375700038,23.47208000312
嘉義市西區新西里4鄰新建街163巷8號,10020,1002002,1002002-022,4鄰,新建街,,163巷,,,,8號,120.43777000284,23.472170002921
嘉義市西區新西里4鄰新建街163巷10號,10020,1002002,1002002-022,4鄰,新建街,,163巷,,,,10號,120.43772977351,23.472185371229
嘉義市西區新西里4鄰新建街163巷12號,10020,1002002,1002002-022,4鄰,新建街,,163巷,,,,12號,120.43769738777,23.472181642493
嘉義市西區新西里4鄰新建街163巷18號,10020,1002002,1002002-022,4鄰,新建街,,163巷,,,,18號,120.43751999863,23.472150003103
嘉義市西區新西里4鄰新建街163巷20號,10020,1002002,1002002-022,4鄰,新建街,,163巷,,,,20號,120.43742993365,23.472139953006
嘉義市西區新西里4鄰新建街163巷22號,10020,1002002,1002002-022,4鄰,新建街,,163巷,,,,22號,120.43737000198,23.47212000646
嘉義市西區新西里4鄰新建街163巷22號附1,10020,1002002,1002002-022,4鄰,新建街,,163巷,,,,22號附1,120.43728995105,23.472139989726
嘉義市西區新西里4鄰新建街163巷28號,10020,1002002,1002002-022,4鄰,新建街,,163巷,,,,28號,120.43725000207,23.472050007135
嘉義市西區新西里4鄰新建街163巷30號,10020,1002002,1002002-022,4鄰,新建街,,163巷,,,,30號,120.43718000112,23.472020000994
嘉義市西區新西里4鄰新建街163巷32號,10020,1002002,1002002-022,4鄰,新建街,,163巷,,,,32號,120.43714999465,23.472060003484
嘉義市西區新西里4鄰新建街163巷34號,10020,1002002,1002002-022,4鄰,新建街,,163巷,,,,34號,120.43712999578,23.472090000849
嘉義市西區新西里4鄰新建街163巷36號,10020,1002002,1002002-022,4鄰,新建街,,163巷,,,,36號,120.43710999686,23.47212000724
嘉義市西區新西里4鄰新建街163巷38號,10020,1002002,1002002-022,4鄰,新建街,,163巷,,,,38號,120.43707999039,23.472160000685
嘉義市西區新西里4鄰新建街163巷40號,10020,1002002,1002002-022,4鄰,新建街,,163巷,,,,40號,120.43705999474,23.472180001958
嘉義市西區新西里4鄰新建街163巷42號,10020,1002002,1002002-022,4鄰,新建街,,163巷,,,,42號,120.43702000019,23.472200003266
嘉義市西區新西里4鄰新建街163巷44號,10020,1002002,1002002-022,4鄰,新建街,,163巷,,,,44號,120.43698999694,23.472200003301
嘉義市西區新西里3鄰新建街163巷48號,10020,1002002,1002002-022,3鄰,新建街,,163巷,,,,48號,120.43666999605,23.471900003247
嘉義市西區新西里3鄰新建街163巷50號,10020,1002002,1002002-022,3鄰,新建街,,163巷,,,,50號,120.43664000267,23.471900003251
嘉義市西區新西里3鄰新建街163巷52號,10020,1002002,1002002-022,3鄰,新建街,,163巷,,,,52號,120.43659999846,23.471890007107
嘉義市西區新西里3鄰新建街163巷54號,10020,1002002,1002002-022,3鄰,新建街,,163巷,,,,54號,120.43656000076,23.47189000707
嘉義市西區新西里3鄰新建街163巷56號,10020,1002002,1002002-022,3鄰,新建街,,163巷,,,,56號,120.43654999908,23.472030006537
嘉義市西區新西里3鄰新建街163巷58號,10020,1002002,1002002-022,3鄰,新建街,,163巷,,,,58號,120.4365569326,23.472075424869
嘉義市西區新西里3鄰新建街163巷60號,10020,1002002,1002002-022,3鄰,新建街,,163巷,,,,60號,120.43648999904,23.472069999847
嘉義市西區新西里3鄰新建街163巷62號,10020,1002002,1002002-022,3鄰,新建街,,163巷,,,,62號,120.4365000035,23.472040002571
嘉義市西區新西里3鄰新建街163巷64號,10020,1002002,1002002-022,3鄰,新建街,,163巷,,,,64號,120.43649000264,23.472000000118
嘉義市西區新西里3鄰新建街163巷66號,10020,1002002,1002002-022,3鄰,新建街,,163巷,,,,66號,120.43649999788,23.471850004539
嘉義市西區新西里3鄰新建街163巷68號,10020,1002002,1002002-022,3鄰,新建街,,163巷,,,,68號,120.43644999917,23.47184000836
嘉義市西區新西里3鄰新建街163巷70號,10020,1002002,1002002-022,3鄰,新建街,,163巷,,,,70號,120.43639999717,23.471840008247
嘉義市西區新西里3鄰新建街163巷72號,10020,1002002,1002002-022,3鄰,新建街,,163巷,,,,72號,120.43636000283,23.471830003047
嘉義市西區新西里3鄰新建街163巷74號,10020,1002002,1002002-022,3鄰,新建街,,163巷,,,,74號,120.43631000414,23.471820006824
嘉義市西區新西里3鄰新建街163巷76號,10020,1002002,1002002-022,3鄰,新建街,,163巷,,,,76號,120.43627000315,23.471830002794
嘉義市西區新西里7鄰新建街121號,10020,1002002,1002002-022,7鄰,新建街,,,,,,121號,120.43799000045,23.471160007415
嘉義市西區新西里7鄰新建街123號,10020,1002002,1002002-022,7鄰,新建街,,,,,,123號,120.43798000299,23.471200000918
嘉義市西區新西里7鄰新建街125號,10020,1002002,1002002-022,7鄰,新建街,,,,,,125號,120.43798000316,23.471230007266
嘉義市西區新西里7鄰新建街127號,10020,1002002,1002002-022,7鄰,新建街,,,,,,127號,120.43798000018,23.471270000669
嘉義市西區新西里7鄰新建街129號,10020,1002002,1002002-022,7鄰,新建街,,,,,,129號,120.43796999966,23.471350005632
嘉義市西區新西里7鄰新建街131號,10020,1002002,1002002-022,7鄰,新建街,,,,,,131號,120.43796000235,23.471420005479
嘉義市西區新西里7鄰新建街133號,10020,1002002,1002002-022,7鄰,新建街,,,,,,133號,120.43795999895,23.471460098208
嘉義市西區新西里7鄰新建街135號,10020,1002002,1002002-022,7鄰,新建街,,,,,,135號,120.43795999953,23.471490005228
嘉義市西區新西里7鄰新建街137號,10020,1002002,1002002-022,7鄰,新建街,,,,,,137號,120.43795999651,23.471530007659
嘉義市西區新西里7鄰新建街139號,10020,1002002,1002002-022,7鄰,新建街,,,,,,139號,120.43796000331,23.471570001096
嘉義市西區新西里7鄰新建街141號,10020,1002002,1002002-022,7鄰,新建街,,,,,,141號,120.43794999917,23.471600007504
嘉義市西區新西里7鄰新建街143號,10020,1002002,1002002-022,7鄰,新建街,,,,,,143號,120.43794999618,23.471640000905
嘉義市西區新西里7鄰新建街145號,10020,1002002,1002002-022,7鄰,新建街,,,,,,145號,120.43793999883,23.471710000748
嘉義市西區新西里7鄰新建街147號,10020,1002002,1002002-022,7鄰,新建街,,,,,,147號,120.43792999468,23.471740007154
嘉義市西區新西里7鄰新建街149號,10020,1002002,1002002-022,7鄰,新建街,,,,,,149號,120.43793000147,23.471780000589
嘉義市西區新西里7鄰新建街151號,10020,1002002,1002002-022,7鄰,新建街,,,,,,151號,120.43793000163,23.471810006935
嘉義市西區新西里6鄰新建街153號,10020,1002002,1002002-022,6鄰,新建街,,,,,,153號,120.4379399967,23.471900007817
嘉義市西區新西里6鄰新建街155號,10020,1002002,1002002-022,6鄰,新建街,,,,,,155號,120.43793999689,23.471930005132
嘉義市西區新西里6鄰新建街157號,10020,1002002,1002002-022,6鄰,新建街,,,,,,157號,120.43793999708,23.471960002448
嘉義市西區新西里6鄰新建街159號,10020,1002002,1002002-022,6鄰,新建街,,,,,,159號,120.43794000384,23.472000004912
嘉義市西區新西里6鄰新建街161號,10020,1002002,1002002-022,6鄰,新建街,,,,,,161號,120.43791999571,23.472090006006
嘉義市西區垂楊里10鄰新建街8巷1號,10020,1002002,1002002-046,10鄰,新建街,,8巷,,,,1號,120.43895999582,23.468550003485
嘉義市西區垂楊里10鄰新建街8巷2號,10020,1002002,1002002-046,10鄰,新建街,,8巷,,,,2號,120.43900999751,23.468390001937
嘉義市西區垂楊里10鄰新建街2號,10020,1002002,1002002-046,10鄰,新建街,,,,,,2號,120.43883000076,23.468239999801
嘉義市西區垂楊里10鄰新建街8巷3號,10020,1002002,1002002-046,10鄰,新建街,,8巷,,,,3號,120.4390099966,23.468550002753
嘉義市西區垂楊里10鄰新建街8巷4號,10020,1002002,1002002-046,10鄰,新建街,,8巷,,,,4號,120.43904999417,23.468390001325
嘉義市西區垂楊里10鄰新建街4號,10020,1002002,1002002-046,10鄰,新建街,,,,,,4號,120.43883000076,23.468239999801
嘉義市西區垂楊里10鄰新建街8巷5號,10020,1002002,1002002-046,10鄰,新建街,,8巷,,,,5號,120.4390500031,23.468550002178
嘉義市西區垂楊里10鄰新建街8巷6號,10020,1002002,1002002-046,10鄰,新建街,,8巷,,,,6號,120.43910000468,23.468390000599
嘉義市西區垂楊里10鄰新建街6號,10020,1002002,1002002-046,10鄰,新建街,,,,,,6號,120.4388299957,23.46835000204
嘉義市西區垂楊里10鄰新建街8巷7號,10020,1002002,1002002-046,10鄰,新建街,,8巷,,,,7號,120.4390899998,23.468550001557
嘉義市西區垂楊里10鄰新建街8巷8號,10020,1002002,1002002-046,10鄰,新建街,,8巷,,,,8號,120.43914000134,23.468389999965
嘉義市西區垂楊里10鄰新建街8巷9號,10020,1002002,1002002-046,10鄰,新建街,,8巷,,,,9號,120.43908000332,23.468620001517
嘉義市西區垂楊里10鄰新建街8巷10號,10020,1002002,1002002-046,10鄰,新建街,,8巷,,,,10號,120.43919000252,23.468420005539
嘉義市西區垂楊里10鄰新建街10號,10020,1002002,1002002-046,10鄰,新建街,,,,,,10號,120.43882000107,23.468570006704
嘉義市西區垂楊里10鄰新建街8巷11號,10020,1002002,1002002-046,10鄰,新建街,,8巷,,,,11號,120.4390799971,23.468640002725
嘉義市西區垂楊里10鄰新建街12號,10020,1002002,1002002-046,10鄰,新建街,,,,,,12號,120.43882000107,23.468570006704
嘉義市西區垂楊里10鄰新建街8巷13號,10020,1002002,1002002-046,10鄰,新建街,,8巷,,,,13號,120.43907999757,23.468670000058
嘉義市西區垂楊里10鄰新建街14號,10020,1002002,1002002-046,10鄰,新建街,,,,,,14號,120.43880010141,23.468630001998
嘉義市西區垂楊里10鄰新建街8巷15號,10020,1002002,1002002-046,10鄰,新建街,,8巷,,,,15號,120.43888000133,23.46871000546
嘉義市西區垂楊里10鄰新建街16號,10020,1002002,1002002-046,10鄰,新建街,,,,,,16號,120.43878999669,23.468670004216
嘉義市西區垂楊里10鄰新建街18號,10020,1002002,1002002-046,10鄰,新建街,,,,,,18號,120.43878010105,23.468730008415
嘉義市西區垂楊里10鄰新建街8巷19號,10020,1002002,1002002-046,10鄰,新建街,,8巷,,,,19號,120.43871705114,23.468781089405
嘉義市西區垂楊里10鄰新建街20號,10020,1002002,1002002-046,10鄰,新建街,,,,,,20號,120.43878010105,23.468730008415
嘉義市西區垂楊里10鄰新建街24號,10020,1002002,1002002-046,10鄰,新建街,,,,,,24號,120.43871000269,23.468890000757
嘉義市西區垂楊里10鄰新建街26號,10020,1002002,1002002-046,10鄰,新建街,,,,,,26號,120.43868999483,23.468920007344
嘉義市西區垂楊里10鄰新建街28號,10020,1002002,1002002-046,10鄰,新建街,,,,,,28號,120.43871000029,23.468960000536
嘉義市西區垂楊里8鄰新建街30號,10020,1002002,1002002-046,8鄰,新建街,,,,,,30號,120.43862000426,23.469110006384
嘉義市西區垂楊里10鄰新建街8巷15號1,10020,1002002,1002002-046,10鄰,新建街,,8巷,,,,15號1,120.43888000133,23.46871000546
嘉義市西區垂楊里10鄰新建街8巷15號2,10020,1002002,1002002-046,10鄰,新建街,,8巷,,,,15號2,120.43888000133,23.46871000546
嘉義市西區垂楊里10鄰新建街8巷15號3,10020,1002002,1002002-046,10鄰,新建街,,8巷,,,,15號3,120.43888000133,23.46871000546
嘉義市西區垂楊里10鄰新建街8巷15號4,10020,1002002,1002002-046,10鄰,新建街,,8巷,,,,15號4,120.43888000133,23.46871000546
嘉義市西區垂楊里10鄰新建街8巷17號1,10020,1002002,1002002-046,10鄰,新建街,,8巷,,,,17號1,120.43888000133,23.46871000546
嘉義市西區垂楊里10鄰新建街8巷17號2,10020,1002002,1002002-046,10鄰,新建街,,8巷,,,,17號2,120.43888000133,23.46871000546
嘉義市西區車店里11鄰新建街91巷1號,10020,1002002,1002002-047,11鄰,新建街,,91巷,,,,1號,120.43810999659,23.469920002758
嘉義市西區車店里12鄰新建街75巷1號,10020,1002002,1002002-047,12鄰,新建街,,75巷,,,,1號,120.43820999508,23.46944000852
嘉義市西區車店里21鄰新建街1號,10020,1002002,1002002-047,21鄰,新建街,,,,,,1號,120.43868000392,23.468130008573
嘉義市西區車店里9鄰新建街91巷83弄2號,10020,1002002,1002002-047,9鄰,新建街,,91巷,83弄,,,2號,120.43635000142,23.469610003133
嘉義市西區車店里12鄰新建街75巷2號,10020,1002002,1002002-047,12鄰,新建街,,75巷,,,,2號,120.43793999823,23.469540007992
嘉義市西區車店里11鄰新建街95巷2號,10020,1002002,1002002-047,11鄰,新建街,,95巷,,,,2號,120.43800999926,23.470210007841
嘉義市西區車店里11鄰新建街91巷2號,10020,1002002,1002002-047,11鄰,新建街,,91巷,,,,2號,120.43806999696,23.470020000207
嘉義市西區車店里11鄰新建街91巷3號,10020,1002002,1002002-047,11鄰,新建街,,91巷,,,,3號,120.43806999947,23.46992000312
嘉義市西區車店里12鄰新建街75巷3號,10020,1002002,1002002-047,12鄰,新建街,,75巷,,,,3號,120.43806000157,23.469440000882
嘉義市西區車店里21鄰新建街3號,10020,1002002,1002002-047,21鄰,新建街,,,,,,3號,120.43866999785,23.468230005804
嘉義市西區車店里12鄰新建街75巷4號,10020,1002002,1002002-047,12鄰,新建街,,75巷,,,,4號,120.43790000123,23.469540008312
嘉義市西區車店里11鄰新建街91巷4號,10020,1002002,1002002-047,11鄰,新建街,,91巷,,,,4號,120.43803999421,23.470020000453
嘉義市西區車店里9鄰新建街91巷83弄4號,10020,1002002,1002002-047,9鄰,新建街,,91巷,83弄,,,4號,120.43634999827,23.4695900019
嘉義市西區車店里11鄰新建街91巷5號,10020,1002002,1002002-047,11鄰,新建街,,91巷,,,,5號,120.43803999674,23.469920003367
嘉義市西區車店里12鄰新建街75巷5號,10020,1002002,1002002-047,12鄰,新建街,,75巷,,,,5號,120.43799999633,23.469440001371
嘉義市西區車店里21鄰新建街5號,10020,1002002,1002002-047,21鄰,新建街,,,,,,5號,120.43866000118,23.468300005736
嘉義市西區車店里12鄰新建街75巷6號,10020,1002002,1002002-047,12鄰,新建街,,75巷,,,,6號,120.43786000422,23.469540008622
嘉義市西區車店里11鄰新建街95巷6號,10020,1002002,1002002-047,11鄰,新建街,,95巷,,,,6號,120.43797000205,23.470210008176
嘉義市西區車店里11鄰新建街91巷6號,10020,1002002,1002002-047,11鄰,新建街,,91巷,,,,6號,120.43799999706,23.470020000796
嘉義市西區車店里11鄰新建街91巷7號,10020,1002002,1002002-047,11鄰,新建街,,91巷,,,,7號,120.4380100038,23.469920003643
嘉義市西區車店里12鄰新建街75巷7號,10020,1002002,1002002-047,12鄰,新建街,,75巷,,,,7號,120.43783999865,23.469440002619
嘉義市西區車店里12鄰新建街75巷8號,10020,1002002,1002002-047,12鄰,新建街,,75巷,,,,8號,120.43781999747,23.469539999857
嘉義市西區車店里11鄰新建街95巷8號,10020,1002002,1002002-047,11鄰,新建街,,95巷,,,,8號,120.43794000248,23.470200003287
嘉義市西區車店里11鄰新建街91巷8號,10020,1002002,1002002-047,11鄰,新建街,,91巷,,,,8號,120.43797000409,23.470020001065
嘉義市西區車店里9鄰新建街91巷83弄8號,10020,1002002,1002002-047,9鄰,新建街,,91巷,83弄,,,8號,120.43631441507,23.469583308552
嘉義市西區車店里11鄰新建街91巷9號,10020,1002002,1002002-047,11鄰,新建街,,91巷,,,,9號,120.43796999689,23.469920003944
嘉義市西區車店里12鄰新建街75巷9號,10020,1002002,1002002-047,12鄰,新建街,,75巷,,,,9號,120.4377800032,23.469440003057
嘉義市西區車店里12鄰新建街75巷10號,10020,1002002,1002002-047,12鄰,新建街,,75巷,,,,10號,120.43782999925,23.469700000566
嘉義市西區車店里11鄰新建街95巷10號,10020,1002002,1002002-047,11鄰,新建街,,95巷,,,,10號,120.43790999968,23.470200003507
嘉義市西區車店里11鄰新建街91巷10號,10020,1002002,1002002-047,11鄰,新建街,,91巷,,,,10號,120.43792999716,23.470020001354
嘉義市西區車店里9鄰新建街91巷83弄10號,10020,1002002,1002002-047,9鄰,新建街,,91巷,83弄,,,10號,120.43628593523,23.469582004632
嘉義市西區車店里11鄰新建街91巷11號,10020,1002002,1002002-047,11鄰,新建街,,91巷,,,,11號,120.43793999416,23.469920004172
嘉義市西區車店里12鄰新建街75巷11號,10020,1002002,1002002-047,12鄰,新建街,,75巷,,,,11號,120.43759999725,23.469440004165
嘉義市西區車店里12鄰新建街75巷12號,10020,1002002,1002002-047,12鄰,新建街,,75巷,,,,12號,120.43782000183,23.469740003097
嘉義市西區車店里11鄰新建街91巷12號,10020,1002002,1002002-047,11鄰,新建街,,91巷,,,,12號,120.43790000419,23.470020001609
嘉義市西區車店里11鄰新建街95巷12號,10020,1002002,1002002-047,11鄰,新建街,,95巷,,,,12號,120.43776000209,23.47021000068
嘉義市西區車店里9鄰新建街91巷83弄12號,10020,1002002,1002002-047,9鄰,新建街,,91巷,83弄,,,12號,120.43622249069,23.469578190417
嘉義市西區車店里11鄰新建街91巷13號,10020,1002002,1002002-047,11鄰,新建街,,91巷,,,,13號,120.43791000122,23.469920004429
嘉義市西區車店里11鄰新建街91巷14號,10020,1002002,1002002-047,11鄰,新建街,,91巷,,,,14號,120.43787000144,23.470020001823
嘉義市西區車店里11鄰新建街91巷15號,10020,1002002,1002002-047,11鄰,新建街,,91巷,,,,15號,120.4378699975,23.469910008618
嘉義市西區車店里12鄰新建街75巷16號,10020,1002002,1002002-047,12鄰,新建街,,75巷,,,,16號,120.43775999661,23.469770000813
嘉義市西區車店里11鄰新建街91巷16號,10020,1002002,1002002-047,11鄰,新建街,,91巷,,,,16號,120.43783000429,23.470020002122
嘉義市西區車店里11鄰新建街91巷17號,10020,1002002,1002002-047,11鄰,新建街,,91巷,,,,17號,120.4378400046,23.469909999832
嘉義市西區車店里21鄰新建街17號,10020,1002002,1002002-047,21鄰,新建街,,,,,,17號,120.43865999597,23.468410007971
嘉義市西區車店里12鄰新建街75巷18號,10020,1002002,1002002-047,12鄰,新建街,,75巷,,,,18號,120.43771999939,23.469740003763
嘉義市西區車店里11鄰新建街91巷18號,10020,1002002,1002002-047,11鄰,新建街,,91巷,,,,18號,120.43780000154,23.470020002323
嘉義市西區車店里11鄰新建街91巷19號,10020,1002002,1002002-047,11鄰,新建街,,91巷,,,,19號,120.43781000187,23.469910000034
嘉義市西區車店里21鄰新建街19號,10020,1002002,1002002-047,21鄰,新建街,,,,,,19號,120.43865999597,23.468410007971
嘉義市西區車店里12鄰新建街75巷20號,10020,1002002,1002002-047,12鄰,新建街,,75巷,,,,20號,120.43772000247,23.469700001324
嘉義市西區車店里11鄰新建街91巷20號,10020,1002002,1002002-047,11鄰,新建街,,91巷,,,,20號,120.4377600044,23.470020002604
嘉義市西區車店里11鄰新建街95巷20號,10020,1002002,1002002-047,11鄰,新建街,,95巷,,,,20號,120.43757999811,23.470140001988
嘉義市西區車店里11鄰新建街91巷21號,10020,1002002,1002002-047,11鄰,新建街,,91巷,,,,21號,120.43777000476,23.469910000319
嘉義市西區車店里21鄰新建街21號,10020,1002002,1002002-047,21鄰,新建街,,,,,,21號,120.43865999597,23.468410007971
嘉義市西區車店里12鄰新建街75巷22號,10020,1002002,1002002-047,12鄰,新建街,,75巷,,,,22號,120.43772999933,23.469540000476
嘉義市西區車店里11鄰新建街95巷22號,10020,1002002,1002002-047,11鄰,新建街,,95巷,,,,22號,120.43754999533,23.470140002139
嘉義市西區車店里11鄰新建街91巷22號,10020,1002002,1002002-047,11鄰,新建街,,91巷,,,,22號,120.43773000164,23.470020002791
嘉義市西區車店里11鄰新建街91巷22之1號,10020,1002002,1002002-047,11鄰,新建街,,91巷,,,,22之1號,120.43771499221,23.470016129027
嘉義市西區車店里11鄰新建街91巷23號,10020,1002002,1002002-047,11鄰,新建街,,91巷,,,,23號,120.43774000203,23.469910000508
嘉義市西區車店里12鄰新建街75巷24號,10020,1002002,1002002-047,12鄰,新建街,,75巷,,,,24號,120.43768999574,23.469530004621
嘉義市西區車店里11鄰新建街95巷24號,10020,1002002,1002002-047,11鄰,新建街,,95巷,,,,24號,120.43751000469,23.470150007506
嘉義市西區車店里11鄰新建街91巷25號,10020,1002002,1002002-047,11鄰,新建街,,91巷,,,,25號,120.43769999513,23.46991000074
嘉義市西區車店里12鄰新建街75巷26號,10020,1002002,1002002-047,12鄰,新建街,,75巷,,,,26號,120.43764000439,23.469530004957
嘉義市西區車店里11鄰新建街91巷26號,10020,1002002,1002002-047,11鄰,新建街,,91巷,,,,26號,120.43766000174,23.470020003228
嘉義市西區車店里11鄰新建街95巷26號,10020,1002002,1002002-047,11鄰,新建街,,95巷,,,,26號,120.43746999772,23.470150007677
嘉義市西區車店里11鄰新建街91巷27號,10020,1002002,1002002-047,11鄰,新建街,,91巷,,,,27號,120.43767000219,23.469910000951
嘉義市西區車店里12鄰新建街75巷28號,10020,1002002,1002002-047,12鄰,新建街,,75巷,,,,28號,120.43761000175,23.469530005123
嘉義市西區車店里11鄰新建街95巷28號,10020,1002002,1002002-047,11鄰,新建街,,95巷,,,,28號,120.43741999961,23.470140002789
嘉義市西區車店里10鄰新建街91巷28號,10020,1002002,1002002-047,10鄰,新建街,,91巷,,,,28號,120.43752999605,23.469930002942
嘉義市西區車店里11鄰新建街91巷29號,10020,1002002,1002002-047,11鄰,新建街,,91巷,,,,29號,120.43763999946,23.469910001121
嘉義市西區車店里11鄰新建街95巷30號,10020,1002002,1002002-047,11鄰,新建街,,95巷,,,,30號,120.43738000243,23.470140002972
嘉義市西區車店里10鄰新建街91巷30號,10020,1002002,1002002-047,10鄰,新建街,,91巷,,,,30號,120.43747999476,23.469930003189
嘉義市西區車店里10鄰新建街91巷32號,10020,1002002,1002002-047,10鄰,新建街,,91巷,,,,32號,120.43744999856,23.469940008473
嘉義市西區車店里11鄰新建街95巷32號,10020,1002002,1002002-047,11鄰,新建街,,95巷,,,,32號,120.43734999965,23.470140003085
嘉義市西區車店里11鄰新建街95巷32之1號,10020,1002002,1002002-047,11鄰,新建街,,95巷,,,,32之1號,120.43731000247,23.470140003251
嘉義市西區車店里10鄰新建街91巷33號,10020,1002002,1002002-047,10鄰,新建街,,91巷,,,,33號,120.43750999721,23.469840002056
嘉義市西區車店里21鄰新建街33號,10020,1002002,1002002-047,21鄰,新建街,,,,,,33號,120.43472781866,23.467864224123
嘉義市西區車店里12鄰新建街34號,10020,1002002,1002002-047,12鄰,新建街,,,,,,34號,120.43852000177,23.469360000347
嘉義市西區車店里21鄰新建街35號,10020,1002002,1002002-047,21鄰,新建街,,,,,,35號,120.43845000324,23.468830000204
嘉義市西區車店里11鄰新建街95巷36號附1,10020,1002002,1002002-047,11鄰,新建街,,95巷,,,,36號附1,120.43726971215,23.470174505586
嘉義市西區車店里21鄰新建街37號,10020,1002002,1002002-047,21鄰,新建街,,,,,,37號,120.43845000324,23.468830000204
嘉義市西區車店里10鄰新建街91巷38號,10020,1002002,1002002-047,10鄰,新建街,,91巷,,,,38號,120.4373199998,23.469950005127
嘉義市西區車店里21鄰新建街39號,10020,1002002,1002002-047,21鄰,新建街,,,,,,39號,120.43845000324,23.468830000204
嘉義市西區車店里10鄰新建街91巷40號,10020,1002002,1002002-047,10鄰,新建街,,91巷,,,,40號,120.43722000048,23.469940000355
嘉義市西區車店里21鄰新建街41號,10020,1002002,1002002-047,21鄰,新建街,,,,,,41號,120.43845000324,23.468830000204
嘉義市西區車店里10鄰新建街91巷42號,10020,1002002,1002002-047,10鄰,新建街,,91巷,,,,42號,120.43718999775,23.469940000438
嘉義市西區車店里21鄰新建街43號,10020,1002002,1002002-047,21鄰,新建街,,,,,,43號,120.43845000324,23.468830000204
嘉義市西區車店里10鄰新建街91巷44號,10020,1002002,1002002-047,10鄰,新建街,,91巷,,,,44號,120.43716000153,23.469950005666
嘉義市西區車店里10鄰新建街91巷45號,10020,1002002,1002002-047,10鄰,新建街,,91巷,,,,45號,120.43717999673,23.469810006058
嘉義市西區車店里21鄰新建街45號,10020,1002002,1002002-047,21鄰,新建街,,,,,,45號,120.43845000324,23.468830000204
嘉義市西區車店里10鄰新建街91巷46號,10020,1002002,1002002-047,10鄰,新建街,,91巷,,,,46號,120.43712999879,23.469950005737
嘉義市西區車店里12鄰新建街46號,10020,1002002,1002002-047,12鄰,新建街,,,,,,46號,120.4383300015,23.469700005233
嘉義市西區車店里21鄰新建街47號,10020,1002002,1002002-047,21鄰,新建街,,,,,,47號,120.43845000324,23.468830000204
嘉義市西區車店里10鄰新建街91巷47號,10020,1002002,1002002-047,10鄰,新建街,,91巷,,,,47號,120.43713999967,23.469840003502
嘉義市西區車店里10鄰新建街91巷48號,10020,1002002,1002002-047,10鄰,新建街,,91巷,,,,48號,120.4371000026,23.469960001923
嘉義市西區車店里12鄰新建街48號,10020,1002002,1002002-047,12鄰,新建街,,,,,,48號,120.43830999692,23.469750003973
嘉義市西區車店里10鄰新建街91巷49號,10020,1002002,1002002-047,10鄰,新建街,,91巷,,,,49號,120.43709999934,23.4698499997
嘉義市西區車店里21鄰新建街49號,10020,1002002,1002002-047,21鄰,新建街,,,,,,49號,120.43845000324,23.468830000204
嘉義市西區車店里10鄰新建街91巷50號,10020,1002002,1002002-047,10鄰,新建街,,91巷,,,,50號,120.43705999894,23.469950005906
嘉義市西區車店里12鄰新建街50號,10020,1002002,1002002-047,12鄰,新建街,,,,,,50號,120.43829999964,23.469790006537
嘉義市西區車店里10鄰新建街91巷51號,10020,1002002,1002002-047,10鄰,新建街,,91巷,,,,51號,120.43706000225,23.469849999803
嘉義市西區車店里21鄰新建街51號,10020,1002002,1002002-047,21鄰,新建街,,,,,,51號,120.43845000324,23.468830000204
嘉義市西區車店里10鄰新建街91巷52號,10020,1002002,1002002-047,10鄰,新建街,,91巷,,,,52號,120.43701000413,23.46999000847
嘉義市西區車店里10鄰新建街91巷53號,10020,1002002,1002002-047,10鄰,新建街,,91巷,,,,53號,120.43698999915,23.469860005055
嘉義市西區車店里21鄰新建街53號,10020,1002002,1002002-047,21鄰,新建街,,,,,,53號,120.43850000225,23.468960003104
嘉義市西區車店里10鄰新建街91巷54號,10020,1002002,1002002-047,10鄰,新建街,,91巷,,,,54號,120.43698000139,23.469990008513
嘉義市西區車店里10鄰新建街91巷55號,10020,1002002,1002002-047,10鄰,新建街,,91巷,,,,55號,120.43694999557,23.46984999998
嘉義市西區車店里10鄰新建街91巷56號,10020,1002002,1002002-047,10鄰,新建街,,91巷,,,,56號,120.43694999865,23.46999000855
嘉義市西區車店里10鄰新建街91巷58號,10020,1002002,1002002-047,10鄰,新建街,,91巷,,,,58號,120.43691000481,23.469980003499
嘉義市西區車店里10鄰新建街91巷59號,10020,1002002,1002002-047,10鄰,新建街,,91巷,,,,59號,120.43686999809,23.469860005213
嘉義市西區車店里10鄰新建街91巷60號,10020,1002002,1002002-047,10鄰,新建街,,91巷,,,,60號,120.43687999885,23.469960002289
嘉義市西區車店里10鄰新建街91巷62號,10020,1002002,1002002-047,10鄰,新建街,,91巷,,,,62號,120.43683999516,23.469980003533
嘉義市西區車店里10鄰新建街91巷63號,10020,1002002,1002002-047,10鄰,新建街,,91巷,,,,63號,120.43679000064,23.469870001375
嘉義市西區車店里10鄰新建街91巷64號,10020,1002002,1002002-047,10鄰,新建街,,91巷,,,,64號,120.4368000046,23.46996000237
嘉義市西區車店里10鄰新建街91巷65號,10020,1002002,1002002-047,10鄰,新建街,,91巷,,,,65號,120.43675000354,23.469870001399
嘉義市西區車店里10鄰新建街91巷66號,10020,1002002,1002002-047,10鄰,新建街,,91巷,,,,66號,120.43674999679,23.469950006263
嘉義市西區車店里10鄰新建街91巷67號,10020,1002002,1002002-047,10鄰,新建街,,91巷,,,,67號,120.43670999674,23.469840004058
嘉義市西區車店里10鄰新建街91巷68號,10020,1002002,1002002-047,10鄰,新建街,,91巷,,,,68號,120.43672000385,23.469950006291
嘉義市西區車店里10鄰新建街91巷69號,10020,1002002,1002002-047,10鄰,新建街,,91巷,,,,69號,120.43668000382,23.469840004079
嘉義市西區車店里10鄰新建街91巷70號,10020,1002002,1002002-047,10鄰,新建街,,91巷,,,,70號,120.43669000443,23.469940001164
嘉義市西區車店里10鄰新建街91巷71號,10020,1002002,1002002-047,10鄰,新建街,,91巷,,,,71號,120.43663000266,23.469810006736
嘉義市西區車店里10鄰新建街91巷72號,10020,1002002,1002002-047,10鄰,新建街,,91巷,,,,72號,120.4366600017,23.469940001146
嘉義市西區車店里10鄰新建街91巷73號,10020,1002002,1002002-047,10鄰,新建街,,91巷,,,,73號,120.43659999996,23.469810006706
嘉義市西區車店里10鄰新建街91巷74號,10020,1002002,1002002-047,10鄰,新建街,,91巷,,,,74號,120.43663000225,23.469930005037
嘉義市西區車店里10鄰新建街91巷75號,10020,1002002,1002002-047,10鄰,新建街,,91巷,,,,75號,120.43654741284,23.46984266748
嘉義市西區車店里10鄰新建街91巷76號,10020,1002002,1002002-047,10鄰,新建街,,91巷,,,,76號,120.43658000097,23.469930004995
嘉義市西區車店里10鄰新建街91巷77號,10020,1002002,1002002-047,10鄰,新建街,,91巷,,,,77號,120.43650999835,23.469820002702
嘉義市西區車店里12鄰新建街77號,10020,1002002,1002002-047,12鄰,新建街,,,,,,77號,120.43813999644,23.469560007511
嘉義市西區車店里10鄰新建街91巷78號,10020,1002002,1002002-047,10鄰,新建街,,91巷,,,,78號,120.43655000156,23.469919999841
嘉義市西區車店里10鄰新建街91巷79號,10020,1002002,1002002-047,10鄰,新建街,,91巷,,,,79號,120.43647000457,23.46981000657
嘉義市西區車店里12鄰新建街79號,10020,1002002,1002002-047,12鄰,新建街,,,,,,79號,120.43813999669,23.469590004836
嘉義市西區車店里10鄰新建街91巷80號,10020,1002002,1002002-047,10鄰,新建街,,91巷,,,,80號,120.43650000028,23.469919999774
嘉義市西區車店里10鄰新建街91巷81號,10020,1002002,1002002-047,10鄰,新建街,,91巷,,,,81號,120.43642000333,23.469810006478
嘉義市西區車店里12鄰新建街81號,10020,1002002,1002002-047,12鄰,新建街,,,,,,81號,120.4381500011,23.469620002085
嘉義市西區車店里10鄰新建街91巷82號,10020,1002002,1002002-047,10鄰,新建街,,91巷,,,,82號,120.43646000318,23.469919999723
嘉義市西區車店里12鄰新建街83號,10020,1002002,1002002-047,12鄰,新建街,,,,,,83號,120.43814999814,23.469660004527
嘉義市西區車店里10鄰新建街91巷84號,10020,1002002,1002002-047,10鄰,新建街,,91巷,,,,84號,120.43643000041,23.46992000869
嘉義市西區車店里10鄰新建街91巷85號,10020,1002002,1002002-047,10鄰,新建街,,91巷,,,,85號,120.4363200042,23.469800001131
嘉義市西區車店里12鄰新建街85號,10020,1002002,1002002-047,12鄰,新建街,,,,,,85號,120.43813000329,23.469710003278
嘉義市西區車店里10鄰新建街91巷86號,10020,1002002,1002002-047,10鄰,新建街,,91巷,,,,86號,120.43639999769,23.469920008621
嘉義市西區車店里12鄰新建街87號,10020,1002002,1002002-047,12鄰,新建街,,,,,,87號,120.43813000353,23.469740000603
嘉義市西區車店里10鄰新建街91巷88號,10020,1002002,1002002-047,10鄰,新建街,,91巷,,,,88號,120.43634999661,23.469890002159
嘉義市西區車店里12鄰新建街89號,10020,1002002,1002002-047,12鄰,新建街,,,,,,89號,120.43811999958,23.469770007033
嘉義市西區車店里10鄰新建街91巷90號,10020,1002002,1002002-047,10鄰,新建街,,91巷,,,,90號,120.43630999951,23.46989000207
嘉義市西區車店里10鄰新建街91巷92號,10020,1002002,1002002-047,10鄰,新建街,,91巷,,,,92號,120.4362800001,23.469880005894
嘉義市西區車店里10鄰新建街91巷92之1號,10020,1002002,1002002-047,10鄰,新建街,,91巷,,,,92之1號,120.436240003,23.469880005787
嘉義市西區車店里11鄰新建街93號,10020,1002002,1002002-047,11鄰,新建街,,,,,,93號,120.43811000434,23.470080003558
嘉義市西區車店里10鄰新建街91巷96號,10020,1002002,1002002-047,10鄰,新建街,,91巷,,,,96號,120.43621000029,23.469880005682
嘉義市西區車店里11鄰新建街97號,10020,1002002,1002002-047,11鄰,新建街,,,,,,97號,120.43809000028,23.470220003263
嘉義市西區車店里10鄰新建街91巷98號,10020,1002002,1002002-047,10鄰,新建街,,91巷,,,,98號,120.43616999676,23.469870000408
嘉義市西區車店里10鄰新建街91巷100號,10020,1002002,1002002-047,10鄰,新建街,,91巷,,,,100號,120.43606000319,23.469860003909
嘉義市西區車店里10鄰新建街91巷101號,10020,1002002,1002002-047,10鄰,新建街,,91巷,,,,101號,120.4359365385,23.46975829613
嘉義市西區車店里10鄰新建街91巷102號,10020,1002002,1002002-047,10鄰,新建街,,91巷,,,,102號,120.43603000048,23.469860003769
嘉義市西區車店里10鄰新建街91巷103號,10020,1002002,1002002-047,10鄰,新建街,,91巷,,,,103號,120.43594182839,23.469732038264
嘉義市西區車店里10鄰新建街91巷104號,10020,1002002,1002002-047,10鄰,新建街,,91巷,,,,104號,120.4360000011,23.469850007541
嘉義市西區車店里10鄰新建街91巷105號,10020,1002002,1002002-047,10鄰,新建街,,91巷,,,,105號,120.43594322711,23.469706958271
嘉義市西區車店里10鄰新建街91巷106號,10020,1002002,1002002-047,10鄰,新建街,,91巷,,,,106號,120.43595000038,23.469790003638
嘉義市西區車店里10鄰新建街91巷107號,10020,1002002,1002002-047,10鄰,新建街,,91巷,,,,107號,120.43594720969,23.469684271516
嘉義市西區車店里10鄰新建街91巷109號,10020,1002002,1002002-047,10鄰,新建街,,91巷,,,,109號,120.43602231289,23.469685744114
嘉義市西區車店里10鄰新建街91巷110號,10020,1002002,1002002-047,10鄰,新建街,,91巷,,,,110號,120.43602347809,23.469715610196
嘉義市西區車店里10鄰新建街91巷112號,10020,1002002,1002002-047,10鄰,新建街,,91巷,,,,112號,120.43602988204,23.46973354867
嘉義市西區車店里10鄰新建街91巷116號,10020,1002002,1002002-047,10鄰,新建街,,91巷,,,,116號,120.43603367166,23.469756263535
嘉義市西區車店里21鄰新建街33號1,10020,1002002,1002002-047,21鄰,新建街,,,,,,33號1,120.43845000324,23.468830000204
嘉義市西區車店里21鄰新建街33號2,10020,1002002,1002002-047,21鄰,新建街,,,,,,33號2,120.43845000324,23.468830000204
嘉義市西區車店里21鄰新建街33號3,10020,1002002,1002002-047,21鄰,新建街,,,,,,33號3,120.43845000324,23.468830000204
嘉義市西區車店里21鄰新建街33號4,10020,1002002,1002002-047,21鄰,新建街,,,,,,33號4,120.43845000324,23.468830000204
嘉義市西區車店里21鄰新建街33號5,10020,1002002,1002002-047,21鄰,新建街,,,,,,33號5,120.43845000324,23.468830000204
嘉義市西區車店里21鄰新建街33號6,10020,1002002,1002002-047,21鄰,新建街,,,,,,33號6,120.43845000324,23.468830000204
嘉義市西區車店里21鄰新建街33號7,10020,1002002,1002002-047,21鄰,新建街,,,,,,33號7,120.43845000324,23.468830000204
嘉義市西區車店里21鄰新建街33號8,10020,1002002,1002002-047,21鄰,新建街,,,,,,33號8,120.43845000324,23.468830000204
嘉義市西區車店里21鄰新建街33號9,10020,1002002,1002002-047,21鄰,新建街,,,,,,33號9,120.43845000324,23.468830000204
嘉義市西區車店里21鄰新建街33號10,10020,1002002,1002002-047,21鄰,新建街,,,,,,33號10,120.43845000324,23.468830000204
嘉義市西區車店里21鄰新建街33號11,10020,1002002,1002002-047,21鄰,新建街,,,,,,33號11,120.43845000324,23.468830000204
嘉義市西區車店里21鄰新建街33號12,10020,1002002,1002002-047,21鄰,新建街,,,,,,33號12,120.43845000324,23.468830000204
嘉義市西區車店里21鄰新建街33號13,10020,1002002,1002002-047,21鄰,新建街,,,,,,33號13,120.43845000324,23.468830000204
嘉義市西區車店里21鄰新建街33號14,10020,1002002,1002002-047,21鄰,新建街,,,,,,33號14,120.43845000324,23.468830000204
