FULL_ADDR,COUNTY,TOWN,VILLAGE,NEIGHBORHOOD,ROAD,SECTION,LANE,ALLEY,SUB_ALLEY,TONG,NUMBER,X,Y
臺北市大同區建明里11鄰承德路一段24巷1號,63,6300600,6300600-002,11鄰,承德路,1段,24巷,,,,1號,121.51667904266,25.0505336828
臺北市大同區建明里19鄰承德路一段1號,63,6300600,6300600-002,19鄰,承德路,1段,,,,,1號,121.51678413869,25.04909007851
臺北市大同區建明里11鄰承德路一段24巷3號,63,6300600,6300600-002,11鄰,承德路,1段,24巷,,,,3號,121.51663374774,25.050544755298
臺北市大同區建明里19鄰承德路一段3號,63,6300600,6300600-002,19鄰,承德路,1段,,,,,3號,121.51682241224,25.049215119764
臺北市大同區建明里9鄰承德路一段24巷4號,63,6300600,6300600-002,9鄰,承德路,1段,24巷,,,,4號,121.51647738148,25.050505584519
臺北市大同區建明里11鄰承德路一段24巷5號,63,6300600,6300600-002,11鄰,承德路,1段,24巷,,,,5號,121.51658845292,25.050555854866
臺北市大同區建明里11鄰承德路一段24巷7號,63,6300600,6300600-002,11鄰,承德路,1段,24巷,,,,7號,121.51651931064,25.05057111804
臺北市大同區建明里9鄰承德路一段24巷8號,63,6300600,6300600-002,9鄰,承德路,1段,24巷,,,,8號,121.51636712269,25.050528628337
臺北市大同區建明里9鄰承德路一段8號,63,6300600,6300600-002,9鄰,承德路,1段,,,,,8號,121.51658944499,25.050083131881
臺北市大同區建明里11鄰承德路一段24巷9號,63,6300600,6300600-002,11鄰,承德路,1段,24巷,,,,9號,121.51646889849,25.050586135499
臺北市大同區建明里9鄰承德路一段24巷10號,63,6300600,6300600-002,9鄰,承德路,1段,24巷,,,,10號,121.51631328819,25.050542890253
臺北市大同區建明里9鄰承德路一段10號,63,6300600,6300600-002,9鄰,承德路,1段,,,,,10號,121.51660815627,25.050156438053
臺北市大同區建明里11鄰承德路一段24巷11號,63,6300600,6300600-002,11鄰,承德路,1段,24巷,,,,11號,121.51634865623,25.050615479506
臺北市大同區建明里9鄰承德路一段12號,63,6300600,6300600-002,9鄰,承德路,1段,,,,,12號,121.5166265,25.050215345704
臺北市大同區建明里9鄰承德路一段24巷12號,63,6300600,6300600-002,9鄰,承德路,1段,24巷,,,,12號,121.51626047442,25.050557139573
臺北市大同區建明里11鄰承德路一段24巷13號,63,6300600,6300600-002,11鄰,承德路,1段,24巷,,,,13號,121.51629821779,25.050626596866
臺北市大同區建明里9鄰承德路一段24巷14號,63,6300600,6300600-002,9鄰,承德路,1段,24巷,,,,14號,121.51622201126,25.050566644399
臺北市大同區建明里9鄰承德路一段14號,63,6300600,6300600-002,9鄰,承德路,1段,,,,,14號,121.51664132471,25.050269345287
臺北市大同區建明里11鄰承德路一段24巷15號,63,6300600,6300600-002,11鄰,承德路,1段,24巷,,,,15號,121.51624187544,25.050652594954
臺北市大同區建明里9鄰承德路一段16號,63,6300600,6300600-002,9鄰,承德路,1段,,,,,16號,121.51666066019,25.050323681273
臺北市大同區建明里9鄰承德路一段24巷16號,63,6300600,6300600-002,9鄰,承德路,1段,24巷,,,,16號,121.51618441049,25.050573826001
臺北市大同區建明里8鄰承德路一段17號,63,6300600,6300600-002,8鄰,承德路,1段,,,,,17號,121.51706465414,25.050152610769
臺北市大同區建明里11鄰承德路一段24巷17號,63,6300600,6300600-002,11鄰,承德路,1段,24巷,,,,17號,121.51615636366,25.050661486854
臺北市大同區建明里8鄰承德路一段17之1號,63,6300600,6300600-002,8鄰,承德路,1段,,,,,17之1號,121.51709913309,25.050143119596
臺北市大同區建明里8鄰承德路一段17之2號,63,6300600,6300600-002,8鄰,承德路,1段,,,,,17之2號,121.51713240278,25.050135952843
臺北市大同區建明里8鄰承德路一段17之3號,63,6300600,6300600-002,8鄰,承德路,1段,,,,,17之3號,121.51716241237,25.050128905769
臺北市大同區建明里8鄰承德路一段17之4號,63,6300600,6300600-002,8鄰,承德路,1段,,,,,17之4號,121.51709192903,25.05023312759
臺北市大同區建明里9鄰承德路一段24巷18號,63,6300600,6300600-002,9鄰,承德路,1段,24巷,,,,18號,121.51613227073,25.05058573466
臺北市大同區建明里9鄰承德路一段18號,63,6300600,6300600-002,9鄰,承德路,1段,,,,,18號,121.51667000579,25.050363841799
臺北市大同區建明里11鄰承德路一段24巷19號,63,6300600,6300600-002,11鄰,承德路,1段,24巷,,,,19號,121.51608832105,25.050842375245
臺北市大同區建明里9鄰承德路一段20號,63,6300600,6300600-002,9鄰,承德路,1段,,,,,20號,121.51668265164,25.050403999872
臺北市大同區建明里9鄰承德路一段24巷20號,63,6300600,6300600-002,9鄰,承德路,1段,24巷,,,,20號,121.51609382403,25.050596810283
臺北市大同區建明里8鄰承德路一段21號,63,6300600,6300600-002,8鄰,承德路,1段,,,,,21號,121.51716855147,25.050496092685
臺北市大同區建明里9鄰承德路一段22號,63,6300600,6300600-002,9鄰,承德路,1段,,,,,22號,121.51668934335,25.050437579126
臺北市大同區建明里9鄰承德路一段24巷22號,63,6300600,6300600-002,9鄰,承德路,1段,24巷,,,,22號,121.51605794087,25.050607091546
臺北市大同區建明里11鄰承德路一段26號,63,6300600,6300600-002,11鄰,承德路,1段,,,,,26號,121.51673311956,25.050579619175
臺北市大同區建明里11鄰承德路一段28號,63,6300600,6300600-002,11鄰,承德路,1段,,,,,28號,121.51674009881,25.050613224509
臺北市大同區建明里11鄰承德路一段30號,63,6300600,6300600-002,11鄰,承德路,1段,,,,,30號,121.51674878259,25.050646805857
臺北市大同區建明里11鄰承德路一段32號,63,6300600,6300600-002,11鄰,承德路,1段,,,,,32號,121.51675321144,25.050681972893
臺北市大同區建明里11鄰承德路一段36號,63,6300600,6300600-002,11鄰,承德路,1段,,,,,36號,121.51678215238,25.050755667767
臺北市大同區建明里11鄰承德路一段38號,63,6300600,6300600-002,11鄰,承德路,1段,,,,,38號,121.51679537868,25.050797150937
臺北市大同區建泰里13鄰承德路一段77巷1號,63,6300600,6300600-004,13鄰,承德路,1段,77巷,,,,1號,121.51773687142,25.05224506433
臺北市大同區建泰里10鄰承德路一段57巷2號,63,6300600,6300600-004,10鄰,承德路,1段,57巷,,,,2號,121.51759317651,25.051669663798
臺北市大同區建泰里11鄰承德路一段69巷2號,63,6300600,6300600-004,11鄰,承德路,1段,69巷,,,,2號,121.51763091549,25.051848730685
臺北市大同區建泰里9鄰承德路一段41巷33弄2號,63,6300600,6300600-004,9鄰,承德路,1段,41巷,33弄,,,2號,121.51796270909,25.051436146316
臺北市大同區建泰里11鄰承德路一段69巷2之2號,63,6300600,6300600-004,11鄰,承德路,1段,69巷,,,,2之2號,121.51760081176,25.051845251441
臺北市大同區建泰里10鄰承德路一段57巷4號,63,6300600,6300600-004,10鄰,承德路,1段,57巷,,,,4號,121.51765118328,25.051657643897
臺北市大同區建泰里11鄰承德路一段69巷4號,63,6300600,6300600-004,11鄰,承德路,1段,69巷,,,,4號,121.51767062009,25.051839771878
臺北市大同區建泰里9鄰承德路一段41巷33弄4號,63,6300600,6300600-004,9鄰,承德路,1段,41巷,33弄,,,4號,121.51798170948,25.051493101424
臺北市大同區建泰里12鄰承德路一段69巷5號,63,6300600,6300600-004,12鄰,承德路,1段,69巷,,,,5號,121.51763652497,25.051936039771
臺北市大同區建泰里13鄰承德路一段79巷5號,63,6300600,6300600-004,13鄰,承德路,1段,79巷,,,,5號,121.51782405441,25.052362441453
臺北市大同區建泰里11鄰承德路一段69巷6號,63,6300600,6300600-004,11鄰,承德路,1段,69巷,,,,6號,121.51772355288,25.051827814772
臺北市大同區建泰里10鄰承德路一段57巷6號,63,6300600,6300600-004,10鄰,承德路,1段,57巷,,,,6號,121.51770829881,25.051645798613
臺北市大同區建泰里9鄰承德路一段41巷33弄6號,63,6300600,6300600-004,9鄰,承德路,1段,41巷,33弄,,,6號,121.51798749417,25.051544225335
臺北市大同區建泰里8鄰承德路一段41巷7號,63,6300600,6300600-004,8鄰,承德路,1段,41巷,,,,7號,121.51741420143,25.051288002227
臺北市大同區建泰里12鄰承德路一段69巷7號,63,6300600,6300600-004,12鄰,承德路,1段,69巷,,,,7號,121.51769008537,25.0519036048
臺北市大同區建泰里13鄰承德路一段79巷7號,63,6300600,6300600-004,13鄰,承德路,1段,79巷,,,,7號,121.51787607737,25.052350902754
臺北市大同區建泰里8鄰承德路一段41巷8號,63,6300600,6300600-004,8鄰,承德路,1段,41巷,,,,8號,121.51743312268,25.051212849752
臺北市大同區建泰里9鄰承德路一段41巷33弄8號,63,6300600,6300600-004,9鄰,承德路,1段,41巷,33弄,,,8號,121.51799137433,25.05157844629
臺北市大同區建泰里12鄰承德路一段77巷8號,63,6300600,6300600-004,12鄰,承德路,1段,77巷,,,,8號,121.51776080003,25.05215634322
臺北市大同區建泰里11鄰承德路一段69巷8號,63,6300600,6300600-004,11鄰,承德路,1段,69巷,,,,8號,121.51780553636,25.051809310327
臺北市大同區建泰里8鄰承德路一段41巷9號,63,6300600,6300600-004,8鄰,承德路,1段,41巷,,,,9號,121.51750898333,25.051268081098
臺北市大同區建泰里13鄰承德路一段77巷9號,63,6300600,6300600-004,13鄰,承德路,1段,77巷,,,,9號,121.51785721932,25.052216982752
臺北市大同區建泰里13鄰承德路一段79巷9號,63,6300600,6300600-004,13鄰,承德路,1段,79巷,,,,9號,121.51801698447,25.052312005947
臺北市大同區建泰里8鄰承德路一段41巷10號,63,6300600,6300600-004,8鄰,承德路,1段,41巷,,,,10號,121.5174885837,25.051203547209
臺北市大同區建泰里11鄰承德路一段69巷10號,63,6300600,6300600-004,11鄰,承德路,1段,69巷,,,,10號,121.51786877649,25.051795033133
臺北市大同區建泰里12鄰承德路一段77巷10號,63,6300600,6300600-004,12鄰,承德路,1段,77巷,,,,10號,121.51783385501,25.052140415799
臺北市大同區建泰里10鄰承德路一段57巷10號,63,6300600,6300600-004,10鄰,承德路,1段,57巷,,,,10號,121.51782642015,25.051628089064
臺北市大同區建泰里12鄰承德路一段69巷11號,63,6300600,6300600-004,12鄰,承德路,1段,69巷,,,,11號,121.51778373329,25.051882595046
臺北市大同區建泰里13鄰承德路一段79巷11號,63,6300600,6300600-004,13鄰,承德路,1段,79巷,,,,11號,121.5181767572,25.052281475423
臺北市大同區建泰里13鄰承德路一段77巷11號,63,6300600,6300600-004,13鄰,承德路,1段,77巷,,,,11號,121.51791354007,25.052204625557
臺北市大同區建泰里8鄰承德路一段41巷11號,63,6300600,6300600-004,8鄰,承德路,1段,41巷,,,,11號,121.51757740496,25.051255790211
臺北市大同區建泰里8鄰承德路一段41巷12號,63,6300600,6300600-004,8鄰,承德路,1段,41巷,,,,12號,121.51755399396,25.05119161892
臺北市大同區建泰里12鄰承德路一段77巷12號,63,6300600,6300600-004,12鄰,承德路,1段,77巷,,,,12號,121.51785779762,25.052135249517
臺北市大同區建泰里11鄰承德路一段69巷12號,63,6300600,6300600-004,11鄰,承德路,1段,69巷,,,,12號,121.51794076941,25.051778775325
臺北市大同區建泰里13鄰承德路一段77巷13號,63,6300600,6300600-004,13鄰,承德路,1段,77巷,,,,13號,121.51797237576,25.05219169983
臺北市大同區建泰里12鄰承德路一段69巷13號,63,6300600,6300600-004,12鄰,承德路,1段,69巷,,,,13號,121.51783214147,25.051871737043
臺北市大同區建泰里8鄰承德路一段41巷13號,63,6300600,6300600-004,8鄰,承德路,1段,41巷,,,,13號,121.51773499569,25.051253480534
臺北市大同區建泰里8鄰承德路一段41巷13之1號,63,6300600,6300600-004,8鄰,承德路,1段,41巷,,,,13之1號,121.51777198445,25.051246860413
臺北市大同區建泰里8鄰承德路一段41巷14號,63,6300600,6300600-004,8鄰,承德路,1段,41巷,,,,14號,121.5176080061,25.05117714829
臺北市大同區建泰里12鄰承德路一段77巷14號,63,6300600,6300600-004,12鄰,承德路,1段,77巷,,,,14號,121.51789878391,25.052127035511
臺北市大同區建泰里11鄰承德路一段69巷14號,63,6300600,6300600-004,11鄰,承德路,1段,69巷,,,,14號,121.51800487366,25.051776746167
臺北市大同區建泰里13鄰承德路一段77巷15號,63,6300600,6300600-004,13鄰,承德路,1段,77巷,,,,15號,121.51800855645,25.052183755338
臺北市大同區建泰里12鄰承德路一段69巷15號,63,6300600,6300600-004,12鄰,承德路,1段,69巷,,,,15號,121.51789219375,25.051858265423
臺北市大同區建泰里8鄰承德路一段41巷15號,63,6300600,6300600-004,8鄰,承德路,1段,41巷,,,,15號,121.51781738491,25.051208973794
臺北市大同區建泰里8鄰承德路一段41巷16號,63,6300600,6300600-004,8鄰,承德路,1段,41巷,,,,16號,121.51772862959,25.051155927208
臺北市大同區建泰里12鄰承德路一段77巷16號,63,6300600,6300600-004,12鄰,承德路,1段,77巷,,,,16號,121.51793709049,25.052117919002
臺北市大同區建泰里12鄰承德路一段69巷17號,63,6300600,6300600-004,12鄰,承德路,1段,69巷,,,,17號,121.51794065139,25.051847389156
臺北市大同區建泰里13鄰承德路一段77巷17號,63,6300600,6300600-004,13鄰,承德路,1段,77巷,,,,17號,121.51806481774,25.052171407322
臺北市大同區建泰里8鄰承德路一段41巷17號,63,6300600,6300600-004,8鄰,承德路,1段,41巷,,,,17號,121.51786291557,25.051199723786
臺北市大同區建泰里8鄰承德路一段41巷18號,63,6300600,6300600-004,8鄰,承德路,1段,41巷,,,,18號,121.51777416569,25.051147977251
臺北市大同區建泰里12鄰承德路一段77巷18號,63,6300600,6300600-004,12鄰,承德路,1段,77巷,,,,18號,121.51797591621,25.05210970348
臺北市大同區建泰里8鄰承德路一段41巷19號,63,6300600,6300600-004,8鄰,承德路,1段,41巷,,,,19號,121.51789135036,25.051190506286
臺北市大同區建泰里12鄰承德路一段69巷19號,63,6300600,6300600-004,12鄰,承德路,1段,69巷,,,,19號,121.51799328741,25.05183556841
臺北市大同區建泰里13鄰承德路一段77巷19號,63,6300600,6300600-004,13鄰,承德路,1段,77巷,,,,19號,121.51809847348,25.052164013299
臺北市大同區建泰里8鄰承德路一段41巷19之1號,63,6300600,6300600-004,8鄰,承德路,1段,41巷,,,,19之1號,121.51791553904,25.051182621685
臺北市大同區建泰里8鄰承德路一段41巷20號,63,6300600,6300600-004,8鄰,承德路,1段,41巷,,,,20號,121.51781826917,25.051138723203
臺北市大同區建泰里13鄰承德路一段77巷21號,63,6300600,6300600-004,13鄰,承德路,1段,77巷,,,,21號,121.51814022011,25.052155137525
臺北市大同區建泰里12鄰承德路一段69巷21號,63,6300600,6300600-004,12鄰,承德路,1段,69巷,,,,21號,121.51804622626,25.051839211693
臺北市大同區建泰里12鄰承德路一段77巷22號,63,6300600,6300600-004,12鄰,承德路,1段,77巷,,,,22號,121.51804529948,25.052095025607
臺北市大同區建泰里11鄰承德路一段69巷22號,63,6300600,6300600-004,11鄰,承德路,1段,69巷,,,,22號,121.51811252372,25.051793072661
臺北市大同區建泰里8鄰承德路一段41巷22號,63,6300600,6300600-004,8鄰,承德路,1段,41巷,,,,22號,121.51784134815,25.051133271037
臺北市大同區建泰里7鄰承德路一段41巷23號,63,6300600,6300600-004,7鄰,承德路,1段,41巷,,,,23號,121.51802619793,25.051162744177
臺北市大同區建泰里12鄰承德路一段69巷23號,63,6300600,6300600-004,12鄰,承德路,1段,69巷,,,,23號,121.518093639,25.051848543867
臺北市大同區建泰里13鄰承德路一段77巷23號,63,6300600,6300600-004,13鄰,承德路,1段,77巷,,,,23號,121.51819932194,25.052141876741
臺北市大同區建泰里12鄰承德路一段77巷24號,63,6300600,6300600-004,12鄰,承德路,1段,77巷,,,,24號,121.51811457379,25.052080366138
臺北市大同區建泰里11鄰承德路一段69巷24號,63,6300600,6300600-004,11鄰,承德路,1段,69巷,,,,24號,121.51819137758,25.051808109215
臺北市大同區建泰里8鄰承德路一段41巷24號,63,6300600,6300600-004,8鄰,承德路,1段,41巷,,,,24號,121.51789791781,25.051118944863
臺北市大同區建泰里7鄰承德路一段41巷25號,63,6300600,6300600-004,7鄰,承德路,1段,41巷,,,,25號,121.5180560499,25.051153521703
臺北市大同區建泰里12鄰承德路一段69巷25號,63,6300600,6300600-004,12鄰,承德路,1段,69巷,,,,25號,121.51813699489,25.05185707765
臺北市大同區建泰里13鄰承德路一段77巷25號,63,6300600,6300600-004,13鄰,承德路,1段,77巷,,,,25號,121.51827535681,25.052125189377
臺北市大同區建泰里12鄰承德路一段77巷26號,63,6300600,6300600-004,12鄰,承德路,1段,77巷,,,,26號,121.51816893575,25.052068873348
臺北市大同區建泰里11鄰承德路一段69巷26號,63,6300600,6300600-004,11鄰,承德路,1段,69巷,,,,26號,121.5182366716,25.051768462365
臺北市大同區建泰里7鄰承德路一段41巷26號,63,6300600,6300600-004,7鄰,承德路,1段,41巷,,,,26號,121.51798243922,25.051105460118
臺北市大同區建泰里7鄰承德路一段41巷27號,63,6300600,6300600-004,7鄰,承德路,1段,41巷,,,,27號,121.51808734102,25.051149512436
臺北市大同區建泰里12鄰承德路一段69巷27號,63,6300600,6300600-004,12鄰,承德路,1段,69巷,,,,27號,121.51820785611,25.051871022592
臺北市大同區建泰里13鄰承德路一段77巷27號,63,6300600,6300600-004,13鄰,承德路,1段,77巷,,,,27號,121.51831192363,25.052117162211
臺北市大同區建泰里12鄰承德路一段77巷28號,63,6300600,6300600-004,12鄰,承德路,1段,77巷,,,,28號,121.51826571778,25.05204840307
臺北市大同區建泰里11鄰承德路一段69巷28號,63,6300600,6300600-004,11鄰,承德路,1段,69巷,,,,28號,121.51827480336,25.05176730012
臺北市大同區建泰里7鄰承德路一段41巷28號,63,6300600,6300600-004,7鄰,承德路,1段,41巷,,,,28號,121.51803540797,25.051090351978
臺北市大同區建泰里12鄰承德路一段77巷28之1號,63,6300600,6300600-004,12鄰,承德路,1段,77巷,,,,28之1號,121.51831539607,25.052037901601
臺北市大同區建泰里12鄰承德路一段69巷29號,63,6300600,6300600-004,12鄰,承德路,1段,69巷,,,,29號,121.51823986464,25.051877311828
臺北市大同區建泰里13鄰承德路一段77巷29號,63,6300600,6300600-004,13鄰,承德路,1段,77巷,,,,29號,121.51842648334,25.052126774554
臺北市大同區建泰里7鄰承德路一段41巷29號,63,6300600,6300600-004,7鄰,承德路,1段,41巷,,,,29號,121.51814991224,25.051138875775
臺北市大同區建泰里8鄰承德路一段29號,63,6300600,6300600-004,8鄰,承德路,1段,,,,,29號,121.51729594539,25.05091932802
臺北市大同區建泰里11鄰承德路一段69巷30號,63,6300600,6300600-004,11鄰,承德路,1段,69巷,,,,30號,121.51837435675,25.051816715507
臺北市大同區建泰里12鄰承德路一段77巷30號,63,6300600,6300600-004,12鄰,承德路,1段,77巷,,,,30號,121.51834934012,25.052030732218
臺北市大同區建泰里8鄰承德路一段31號,63,6300600,6300600-004,8鄰,承德路,1段,,,,,31號,121.51728043976,25.050970020537
臺北市大同區建泰里7鄰承德路一段41巷31號,63,6300600,6300600-004,7鄰,承德路,1段,41巷,,,,31號,121.51821672314,25.051123024121
臺北市大同區建泰里12鄰承德路一段77巷32號,63,6300600,6300600-004,12鄰,承德路,1段,77巷,,,,32號,121.5183995135,25.052020129684
臺北市大同區建泰里8鄰承德路一段33號,63,6300600,6300600-004,8鄰,承德路,1段,,,,,33號,121.5172936053,25.051015873463
臺北市大同區建泰里12鄰承德路一段77巷34號,63,6300600,6300600-004,12鄰,承德路,1段,77巷,,,,34號,121.51847111476,25.052004992469
臺北市大同區建泰里12鄰承德路一段69巷35號,63,6300600,6300600-004,12鄰,承德路,1段,69巷,,,,35號,121.51846174116,25.051920648744
臺北市大同區建泰里8鄰承德路一段35號,63,6300600,6300600-004,8鄰,承德路,1段,,,,,35號,121.51731586358,25.051093518713
臺北市大同區建泰里12鄰承德路一段77巷36號,63,6300600,6300600-004,12鄰,承德路,1段,77巷,,,,36號,121.51852992261,25.051992554136
臺北市大同區建泰里8鄰承德路一段37號,63,6300600,6300600-004,8鄰,承德路,1段,,,,,37號,121.51734387482,25.051191177237
臺北市大同區建泰里8鄰承德路一段39號,63,6300600,6300600-004,8鄰,承德路,1段,,,,,39號,121.51735406524,25.051227118655
臺北市大同區建泰里17鄰承德路一段40號,63,6300600,6300600-004,17鄰,承德路,1段,,,,,40號,121.51689357407,25.051149346901
臺北市大同區建泰里17鄰承德路一段42號,63,6300600,6300600-004,17鄰,承德路,1段,,,,,42號,121.51695047537,25.0513487598
臺北市大同區建泰里17鄰承德路一段44號,63,6300600,6300600-004,17鄰,承德路,1段,,,,,44號,121.51695047537,25.0513487598
臺北市大同區建泰里17鄰承德路一段46號,63,6300600,6300600-004,17鄰,承德路,1段,,,,,46號,121.51697113563,25.051421147289
臺北市大同區建泰里10鄰承德路一段47號,63,6300600,6300600-004,10鄰,承德路,1段,,,,,47號,121.51741728792,25.051468444789
臺北市大同區建泰里17鄰承德路一段48號,63,6300600,6300600-004,17鄰,承德路,1段,,,,,48號,121.51698808441,25.051480556281
臺北市大同區建泰里19鄰承德路一段50號,63,6300600,6300600-004,19鄰,承德路,1段,,,,,50號,121.51702400007,25.051610291213
臺北市大同區建泰里10鄰承德路一段51號,63,6300600,6300600-004,10鄰,承德路,1段,,,,,51號,121.51745869867,25.051603875244
臺北市大同區建泰里19鄰承德路一段52號,63,6300600,6300600-004,19鄰,承德路,1段,,,,,52號,121.51704316885,25.051676770486
臺北市大同區建泰里10鄰承德路一段53號,63,6300600,6300600-004,10鄰,承德路,1段,,,,,53號,121.5174743957,25.051660146765
臺北市大同區建泰里19鄰承德路一段54號,63,6300600,6300600-004,19鄰,承德路,1段,,,,,54號,121.51706098974,25.051738514705
臺北市大同區建泰里10鄰承德路一段55號,63,6300600,6300600-004,10鄰,承德路,1段,,,,,55號,121.51748524791,25.051683735448
臺北市大同區建泰里19鄰承德路一段56號,63,6300600,6300600-004,19鄰,承德路,1段,,,,,56號,121.5170778555,25.051797012136
臺北市大同區建泰里19鄰承德路一段58號,63,6300600,6300600-004,19鄰,承德路,1段,,,,,58號,121.51709303153,25.051849611081
臺北市大同區建泰里11鄰承德路一段59號,63,6300600,6300600-004,11鄰,承德路,1段,,,,,59號,121.51750201631,25.05175912471
臺北市大同區建泰里19鄰承德路一段60號,63,6300600,6300600-004,19鄰,承德路,1段,,,,,60號,121.51710533127,25.051892244007
臺北市大同區建泰里11鄰承德路一段61號,63,6300600,6300600-004,11鄰,承德路,1段,,,,,61號,121.5175105691,25.051789763306
臺北市大同區建泰里11鄰承德路一段63號,63,6300600,6300600-004,11鄰,承德路,1段,,,,,63號,121.51751739127,25.051814214667
臺北市大同區建泰里19鄰承德路一段64號,63,6300600,6300600-004,19鄰,承德路,1段,,,,,64號,121.51713537334,25.052001496575
臺北市大同區建泰里6鄰承德路一段64號,63,6300600,6300600-004,6鄰,承德路,1段,,,,,64號,121.51713537334,25.052001496575
臺北市大同區建泰里6鄰承德路一段66號,63,6300600,6300600-004,6鄰,承德路,1段,,,,,66號,121.51714873244,25.05204858568
臺北市大同區建泰里6鄰承德路ㄧ段66號,63,6300600,6300600-004,6鄰,承德路,ㄧ段,,,,,66號,121.51714873244,25.05204858568
臺北市大同區建泰里11鄰承德路一段67號,63,6300600,6300600-004,11鄰,承德路,1段,,,,,67號,121.51752610511,25.051845439526
臺北市大同區建泰里6鄰承德路ㄧ段68號,63,6300600,6300600-004,6鄰,承德路,ㄧ段,,,,,68號,121.51716443536,25.05210391829
臺北市大同區建泰里6鄰承德路一段68號,63,6300600,6300600-004,6鄰,承德路,1段,,,,,68號,121.51716443536,25.05210391829
臺北市大同區建泰里6鄰承德路一段68之1號,63,6300600,6300600-004,6鄰,承德路,1段,,,,,68之1號,121.51717704005,25.052148355762
臺北市大同區建泰里2鄰承德路一段70號,63,6300600,6300600-004,2鄰,承德路,1段,,,,,70號,121.51718956418,25.052192486558
臺北市大同區建泰里2鄰承德路一段70之1號,63,6300600,6300600-004,2鄰,承德路,1段,,,,,70之1號,121.5172113733,25.052269338903
臺北市大同區建泰里12鄰承德路一段71號,63,6300600,6300600-004,12鄰,承德路,1段,,,,,71號,121.5175640156,25.051987472638
臺北市大同區建泰里2鄰承德路一段72號,63,6300600,6300600-004,2鄰,承德路,1段,,,,,72號,121.51727377016,25.052498019595
臺北市大同區建泰里12鄰承德路一段73號,63,6300600,6300600-004,12鄰,承德路,1段,,,,,73號,121.51759161228,25.052080717811
臺北市大同區建泰里2鄰承德路一段74號,63,6300600,6300600-004,2鄰,承德路,1段,,,,,74號,121.51729028066,25.052554468856
臺北市大同區建泰里12鄰承德路一段75號,63,6300600,6300600-004,12鄰,承德路,1段,,,,,75號,121.51761055298,25.052144715075
臺北市大同區建泰里2鄰承德路一段76號,63,6300600,6300600-004,2鄰,承德路,1段,,,,,76號,121.51731189929,25.052628405773
臺北市大同區建泰里13鄰承德路一段77之1號,63,6300600,6300600-004,13鄰,承德路,1段,,,,,77之1號,121.51770578483,25.052255365386
臺北市大同區建泰里13鄰承德路一段77之2號,63,6300600,6300600-004,13鄰,承德路,1段,,,,,77之2號,121.51772471996,25.052320373797
臺北市大同區建泰里2鄰承德路一段78號,63,6300600,6300600-004,2鄰,承德路,1段,,,,,78號,121.51733244207,25.052698672005
臺北市大同區建泰里2鄰承德路一段80號,63,6300600,6300600-004,2鄰,承德路,1段,,,,,80號,121.51735304536,25.05276918178
臺北市大同區建泰里13鄰承德路一段81號,63,6300600,6300600-004,13鄰,承德路,1段,,,,,81號,121.51768423718,25.052391854793
臺北市大同區建泰里15鄰承德路一段82號,63,6300600,6300600-004,15鄰,承德路,1段,,,,,82號,121.51739363479,25.052914266105
臺北市大同區建泰里13鄰承德路一段83號,63,6300600,6300600-004,13鄰,承德路,1段,,,,,83號,121.51769591748,25.052421444245
臺北市大同區建泰里15鄰承德路一段84號,63,6300600,6300600-004,15鄰,承德路,1段,,,,,84號,121.51741091588,25.052972464111
臺北市大同區建泰里15鄰承德路一段86號,63,6300600,6300600-004,15鄰,承德路,1段,,,,,86號,121.51741898361,25.053003221762
臺北市大同區建泰里14鄰承德路一段87號,63,6300600,6300600-004,14鄰,承德路,1段,,,,,87號,121.51776341258,25.05256828545
臺北市大同區建泰里15鄰承德路一段88號,63,6300600,6300600-004,15鄰,承德路,1段,,,,,88號,121.51742768423,25.053028921482
臺北市大同區建泰里15鄰承德路一段90號,63,6300600,6300600-004,15鄰,承德路,1段,,,,,90號,121.51745206278,25.053111019171
臺北市大同區建泰里14鄰承德路一段93號,63,6300600,6300600-004,14鄰,承德路,1段,,,,,93號,121.51778983717,25.0526608395
臺北市大同區建泰里14鄰承德路一段95號,63,6300600,6300600-004,14鄰,承德路,1段,,,,,95號,121.51779636812,25.052686718296
臺北市大同區建泰里14鄰承德路一段97號,63,6300600,6300600-004,14鄰,承德路,1段,,,,,97號,121.51783852726,25.052724082994
臺北市大同區建泰里14鄰承德路一段99號,63,6300600,6300600-004,14鄰,承德路,1段,,,,,99號,121.51787747215,25.052715876109
臺北市大同區建泰里14鄰承德路一段101號,63,6300600,6300600-004,14鄰,承德路,1段,,,,,101號,121.51791973419,25.052706962485
臺北市大同區建泰里14鄰承德路一段103號,63,6300600,6300600-004,14鄰,承德路,1段,,,,,103號,121.51796237256,25.05269798434
臺北市大同區建泰里14鄰承德路一段105號,63,6300600,6300600-004,14鄰,承德路,1段,,,,,105號,121.5178095035,25.05284796819
臺北市大同區星明里12鄰承德路二段2號,63,6300600,6300600-007,12鄰,承德路,2段,,,,,2號,121.51797750132,25.055010121928
臺北市大同區星明里12鄰承德路二段4號,63,6300600,6300600-007,12鄰,承德路,2段,,,,,4號,121.51797559972,25.055085892187
臺北市大同區星明里12鄰承德路二段6號,63,6300600,6300600-007,12鄰,承德路,2段,,,,,6號,121.51797461009,25.055128688726
臺北市大同區星明里12鄰承德路二段8號,63,6300600,6300600-007,12鄰,承德路,2段,,,,,8號,121.51797397252,25.05515620853
臺北市大同區星明里12鄰承德路二段10號,63,6300600,6300600-007,12鄰,承德路,2段,,,,,10號,121.51797266346,25.055212611495
臺北市大同區星明里12鄰承德路二段12號,63,6300600,6300600-007,12鄰,承德路,2段,,,,,12號,121.51797183251,25.055248356551
臺北市大同區星明里17鄰承德路二段14號,63,6300600,6300600-007,17鄰,承德路,2段,,,,,14號,121.51797096812,25.055363395326
臺北市大同區星明里17鄰承德路二段16號,63,6300600,6300600-007,17鄰,承德路,2段,,,,,16號,121.51797026481,25.055429510388
臺北市大同區星明里17鄰承德路二段18號,63,6300600,6300600-007,17鄰,承德路,2段,,,,,18號,121.51796982378,25.055470779266
臺北市大同區星明里17鄰承德路二段20號,63,6300600,6300600-007,17鄰,承德路,2段,,,,,20號,121.51796937902,25.055513519734
臺北市大同區星明里17鄰承德路二段22號,63,6300600,6300600-007,17鄰,承德路,2段,,,,,22號,121.51796868965,25.055578235394
臺北市大同區星明里17鄰承德路二段24號,63,6300600,6300600-007,17鄰,承德路,2段,,,,,24號,121.51796828284,25.055618213138
臺北市大同區星明里17鄰承德路二段26號,63,6300600,6300600-007,17鄰,承德路,2段,,,,,26號,121.51796789795,25.055653974693
臺北市大同區星明里17鄰承德路二段28號,63,6300600,6300600-007,17鄰,承德路,2段,,,,,28號,121.51796471573,25.055719818527
臺北市大同區星明里9鄰承德路二段30號,63,6300600,6300600-007,9鄰,承德路,2段,,,,,30號,121.51793822828,25.055829457583
臺北市大同區星明里9鄰承德路二段32號,63,6300600,6300600-007,9鄰,承德路,2段,,,,,32號,121.51793734806,25.055865275033
臺北市大同區星明里9鄰承德路二段34號,63,6300600,6300600-007,9鄰,承德路,2段,,,,,34號,121.51793646751,25.055901011231
臺北市大同區星明里9鄰承德路二段36號,63,6300600,6300600-007,9鄰,承德路,2段,,,,,36號,121.51796765334,25.05595183888
臺北市大同區星明里9鄰承德路二段38號,63,6300600,6300600-007,9鄰,承德路,2段,,,,,38號,121.51796749466,25.055984828024
臺北市大同區星明里9鄰承德路二段40號,63,6300600,6300600-007,9鄰,承德路,2段,,,,,40號,121.51796714374,25.056052250923
臺北市大同區星明里9鄰承德路二段42號,63,6300600,6300600-007,9鄰,承德路,2段,,,,,42號,121.51797050934,25.056077192788
臺北市大同區星明里9鄰承德路二段42之1號,63,6300600,6300600-007,9鄰,承德路,2段,,,,,42之1號,121.51796686136,25.056095893629
臺北市大同區星明里9鄰承德路二段46號,63,6300600,6300600-007,9鄰,承德路,2段,,,,,46號,121.51796641907,25.056191096236
臺北市大同區星明里9鄰承德路二段48號,63,6300600,6300600-007,9鄰,承德路,2段,,,,,48號,121.51796614279,25.056276277098
臺北市大同區星明里20鄰承德路二段50號,63,6300600,6300600-007,20鄰,承德路,2段,,,,,50號,121.51794449927,25.056545669114
臺北市大同區星明里20鄰承德路二段52號,63,6300600,6300600-007,20鄰,承德路,2段,,,,,52號,121.51793707825,25.056626424048
臺北市大同區星明里20鄰承德路二段54號,63,6300600,6300600-007,20鄰,承德路,2段,,,,,54號,121.51792604696,25.056680621944
臺北市大同區星明里20鄰承德路二段56號,63,6300600,6300600-007,20鄰,承德路,2段,,,,,56號,121.51795822284,25.056745295202
臺北市大同區星明里20鄰承德路二段58號,63,6300600,6300600-007,20鄰,承德路,2段,,,,,58號,121.51794997066,25.05677685905
臺北市大同區星明里20鄰承德路二段60號,63,6300600,6300600-007,20鄰,承德路,2段,,,,,60號,121.51790578404,25.056818686742
臺北市大同區光能里11鄰承德路二段37巷9弄1號,63,6300600,6300600-008,11鄰,承德路,2段,37巷,9弄,,,1號,121.5187246672,25.054968440768
臺北市大同區光能里7鄰承德路二段75巷1號,63,6300600,6300600-008,7鄰,承德路,2段,75巷,,,,1號,121.51845164413,25.055890989162
臺北市大同區光能里7鄰承德路二段91巷1號,63,6300600,6300600-008,7鄰,承德路,2段,91巷,,,,1號,121.5183983208,25.056281711803
臺北市大同區光能里8鄰承德路二段97巷30弄1號,63,6300600,6300600-008,8鄰,承德路,2段,97巷,30弄,,,1號,121.5191999737,25.056300723304
臺北市大同區光能里9鄰承德路二段53巷1號,63,6300600,6300600-008,9鄰,承德路,2段,53巷,,,,1號,121.51860133169,25.055356410701
臺北市大同區光能里19鄰承德路二段1巷2號,63,6300600,6300600-008,19鄰,承德路,2段,1巷,,,,2號,121.51807083659,25.05352550807
臺北市大同區光能里7鄰承德路二段91巷2號,63,6300600,6300600-008,7鄰,承德路,2段,91巷,,,,2號,121.51870786758,25.056173937213
臺北市大同區光能里9鄰承德路二段63巷2號,63,6300600,6300600-008,9鄰,承德路,2段,63巷,,,,2號,121.51853120677,25.055508525849
臺北市大同區光能里19鄰承德路二段3號,63,6300600,6300600-008,19鄰,承德路,2段,,,,,3號,121.5180874717,25.053644485271
臺北市大同區光能里1鄰承德路二段117巷3號,63,6300600,6300600-008,1鄰,承德路,2段,117巷,,,,3號,121.51844659726,25.05690819102
臺北市大同區光能里11鄰承德路二段37巷9弄3號,63,6300600,6300600-008,11鄰,承德路,2段,37巷,9弄,,,3號,121.51876327975,25.054987084306
臺北市大同區光能里7鄰承德路二段91巷3號,63,6300600,6300600-008,7鄰,承德路,2段,91巷,,,,3號,121.51843542985,25.056279776654
臺北市大同區光能里7鄰承德路二段75巷3號,63,6300600,6300600-008,7鄰,承德路,2段,75巷,,,,3號,121.51849791026,25.055891251968
臺北市大同區光能里9鄰承德路二段53巷3號,63,6300600,6300600-008,9鄰,承德路,2段,53巷,,,,3號,121.51866142171,25.055358593309
臺北市大同區光能里9鄰承德路二段63巷4號,63,6300600,6300600-008,9鄰,承德路,2段,63巷,,,,4號,121.51859785991,25.055546490918
臺北市大同區光能里11鄰承德路二段53巷4號,63,6300600,6300600-008,11鄰,承德路,2段,53巷,,,,4號,121.518579767,25.055283819009
臺北市大同區光能里19鄰承德路二段1巷4號,63,6300600,6300600-008,19鄰,承德路,2段,1巷,,,,4號,121.51813618454,25.053566845398
臺北市大同區光能里16鄰承德路二段1巷5號,63,6300600,6300600-008,16鄰,承德路,2段,1巷,,,,5號,121.51838680429,25.053666390234
臺北市大同區光能里11鄰承德路二段37巷9弄5號,63,6300600,6300600-008,11鄰,承德路,2段,37巷,9弄,,,5號,121.51880018411,25.05500489419
臺北市大同區光能里1鄰承德路二段117巷5號,63,6300600,6300600-008,1鄰,承德路,2段,117巷,,,,5號,121.51847936217,25.05690548558
臺北市大同區光能里7鄰承德路二段91巷5號,63,6300600,6300600-008,7鄰,承德路,2段,91巷,,,,5號,121.5184698157,25.056278401715
臺北市大同區光能里7鄰承德路二段75巷5號,63,6300600,6300600-008,7鄰,承德路,2段,75巷,,,,5號,121.5185552374,25.055891566421
臺北市大同區光能里9鄰承德路二段53巷5號,63,6300600,6300600-008,9鄰,承德路,2段,53巷,,,,5號,121.51869786061,25.05535998277
臺北市大同區光能里5鄰承德路二段37巷9弄6號,63,6300600,6300600-008,5鄰,承德路,2段,37巷,9弄,,,6號,121.51890272003,25.055001683118
臺北市大同區光能里19鄰承德路二段1巷6號,63,6300600,6300600-008,19鄰,承德路,2段,1巷,,,,6號,121.51819422859,25.053603567747
臺北市大同區光能里11鄰承德路二段53巷6號,63,6300600,6300600-008,11鄰,承德路,2段,53巷,,,,6號,121.51861651317,25.05529228543
臺北市大同區光能里7鄰承德路二段75巷6號,63,6300600,6300600-008,7鄰,承德路,2段,75巷,,,,6號,121.51858654885,25.055760215951
臺北市大同區光能里9鄰承德路二段63巷6號,63,6300600,6300600-008,9鄰,承德路,2段,63巷,,,,6號,121.51868287378,25.055566895425
臺北市大同區光能里1鄰承德路二段117巷7號,63,6300600,6300600-008,1鄰,承德路,2段,117巷,,,,7號,121.51850000985,25.056903770386
臺北市大同區光能里16鄰承德路二段1巷7號,63,6300600,6300600-008,16鄰,承德路,2段,1巷,,,,7號,121.51846271747,25.053665321767
臺北市大同區光能里11鄰承德路二段37巷9弄7號,63,6300600,6300600-008,11鄰,承德路,2段,37巷,9弄,,,7號,121.51883654228,25.055022444159
臺北市大同區光能里11鄰承德路二段37巷7號,63,6300600,6300600-008,11鄰,承德路,2段,37巷,,,,7號,121.51852087042,25.054974027562
臺北市大同區光能里7鄰承德路二段75巷7號,63,6300600,6300600-008,7鄰,承德路,2段,75巷,,,,7號,121.51877355086,25.055861345405
臺北市大同區光能里7鄰承德路二段91巷7號,63,6300600,6300600-008,7鄰,承德路,2段,91巷,,,,7號,121.51850935442,25.056276810161
臺北市大同區光能里9鄰承德路二段53巷7號,63,6300600,6300600-008,9鄰,承德路,2段,53巷,,,,7號,121.51876112236,25.055362208429
臺北市大同區光能里5鄰承德路二段37巷9弄8號,63,6300600,6300600-008,5鄰,承德路,2段,37巷,9弄,,,8號,121.51893762155,25.055014588691
臺北市大同區光能里19鄰承德路二段1巷8號,63,6300600,6300600-008,19鄰,承德路,2段,1巷,,,,8號,121.51827888914,25.05361570402
臺北市大同區光能里11鄰承德路二段53巷8號,63,6300600,6300600-008,11鄰,承德路,2段,53巷,,,,8號,121.51864747066,25.055274698971
臺北市大同區光能里9鄰承德路二段63巷8號,63,6300600,6300600-008,9鄰,承德路,2段,63巷,,,,8號,121.51871365894,25.055574281213
臺北市大同區光能里16鄰承德路二段1巷9號,63,6300600,6300600-008,16鄰,承德路,2段,1巷,,,,9號,121.51854640543,25.053627662399
臺北市大同區光能里11鄰承德路二段37巷9弄9號,63,6300600,6300600-008,11鄰,承德路,2段,37巷,9弄,,,9號,121.51888137182,25.055044090354
臺北市大同區光能里7鄰承德路二段75巷9號,63,6300600,6300600-008,7鄰,承德路,2段,75巷,,,,9號,121.51880575026,25.055860925975
臺北市大同區光能里7鄰承德路二段91巷9號,63,6300600,6300600-008,7鄰,承德路,2段,91巷,,,,9號,121.51854791215,25.056275267162
臺北市大同區光能里9鄰承德路二段53巷9號,63,6300600,6300600-008,9鄰,承德路,2段,53巷,,,,9號,121.51882148006,25.055364408093
臺北市大同區光能里1鄰承德路二段117巷10號,63,6300600,6300600-008,1鄰,承德路,2段,117巷,,,,10號,121.51875357043,25.056829089446
臺北市大同區光能里19鄰承德路二段1巷10號,63,6300600,6300600-008,19鄰,承德路,2段,1巷,,,,10號,121.51833904857,25.053601599873
臺北市大同區光能里11鄰承德路二段53巷10號,63,6300600,6300600-008,11鄰,承德路,2段,53巷,,,,10號,121.51870922552,25.055274483306
臺北市大同區光能里9鄰承德路二段63巷10號,63,6300600,6300600-008,9鄰,承德路,2段,63巷,,,,10號,121.51873984075,25.055580572619
臺北市大同區光能里1鄰承德路二段117巷11號,63,6300600,6300600-008,1鄰,承德路,2段,117巷,,,,11號,121.5185878067,25.056890490497
臺北市大同區光能里11鄰承德路二段37巷9弄11號,63,6300600,6300600-008,11鄰,承德路,2段,37巷,9弄,,,11號,121.51892486055,25.055065064114
臺北市大同區光能里16鄰承德路二段1巷11號,63,6300600,6300600-008,16鄰,承德路,2段,1巷,,,,11號,121.51861672188,25.053610814256
臺北市大同區光能里9鄰承德路二段53巷11號,63,6300600,6300600-008,9鄰,承德路,2段,53巷,,,,11號,121.51889608985,25.055366603081
臺北市大同區光能里7鄰承德路二段91巷11號,63,6300600,6300600-008,7鄰,承德路,2段,91巷,,,,11號,121.51858897701,25.056273634146
臺北市大同區光能里7鄰承德路二段75巷11號,63,6300600,6300600-008,7鄰,承德路,2段,75巷,,,,11號,121.51882715682,25.055966524823
臺北市大同區光能里11鄰承德路二段53巷12號,63,6300600,6300600-008,11鄰,承德路,2段,53巷,,,,12號,121.5187619092,25.05528307459
臺北市大同區光能里19鄰承德路二段1巷12號,63,6300600,6300600-008,19鄰,承德路,2段,1巷,,,,12號,121.51838363349,25.053591152263
臺北市大同區光能里9鄰承德路二段63巷12號,63,6300600,6300600-008,9鄰,承德路,2段,63巷,,,,12號,121.51879669157,25.055583136636
臺北市大同區光能里1鄰承德路二段117巷13號,63,6300600,6300600-008,1鄰,承德路,2段,117巷,,,,13號,121.51863297417,25.056888662579
臺北市大同區光能里16鄰承德路二段1巷13號,63,6300600,6300600-008,16鄰,承德路,2段,1巷,,,,13號,121.51867935516,25.053595798525
臺北市大同區光能里11鄰承德路二段37巷9弄13號,63,6300600,6300600-008,11鄰,承德路,2段,37巷,9弄,,,13號,121.51896771378,25.055085751183
臺北市大同區光能里9鄰承德路二段53巷13號,63,6300600,6300600-008,9鄰,承德路,2段,53巷,,,,13號,121.5189582142,25.05536939237
臺北市大同區光能里7鄰承德路二段91巷13號,63,6300600,6300600-008,7鄰,承德路,2段,91巷,,,,13號,121.51863278672,25.056271874169
臺北市大同區光能里11鄰承德路二段53巷14號,63,6300600,6300600-008,11鄰,承德路,2段,53巷,,,,14號,121.51880552068,25.055283752839
臺北市大同區光能里19鄰承德路二段1巷14號,63,6300600,6300600-008,19鄰,承德路,2段,1巷,,,,14號,121.51842646586,25.053581107992
臺北市大同區光能里9鄰承德路二段63巷14號,63,6300600,6300600-008,9鄰,承德路,2段,63巷,,,,14號,121.51885028243,25.055607072447
臺北市大同區光能里3鄰承德路二段117巷15號,63,6300600,6300600-008,3鄰,承德路,2段,117巷,,,,15號,121.51867403916,25.05688701148
臺北市大同區光能里1鄰承德路二段109巷15號,63,6300600,6300600-008,1鄰,承德路,2段,109巷,,,,15號,121.51271770889,25.05963924748
臺北市大同區光能里16鄰承德路二段1巷15號,63,6300600,6300600-008,16鄰,承德路,2段,1巷,,,,15號,121.51870615699,25.053589376245
臺北市大同區光能里11鄰承德路二段53巷15號,63,6300600,6300600-008,11鄰,承德路,2段,53巷,,,,15號,121.51901405185,25.055371445244
臺北市大同區光能里11鄰承德路二段37巷9弄15號,63,6300600,6300600-008,11鄰,承德路,2段,37巷,9弄,,,15號,121.51900632641,25.055104394657
臺北市大同區光能里9鄰承德路二段75巷15號,63,6300600,6300600-008,9鄰,承德路,2段,75巷,,,,15號,121.51897473585,25.056058935186
臺北市大同區光能里7鄰承德路二段91巷15號,63,6300600,6300600-008,7鄰,承德路,2段,91巷,,,,15號,121.51867550641,25.056270163125
臺北市大同區光能里9鄰承德路二段75巷15之1號,63,6300600,6300600-008,9鄰,承德路,2段,75巷,,,,15之1號,121.51897718844,25.056085902505
臺北市大同區光能里9鄰承德路二段75巷15之2號,63,6300600,6300600-008,9鄰,承德路,2段,75巷,,,,15之2號,121.51897907987,25.056106705609
臺北市大同區光能里3鄰承德路二段129巷16號,63,6300600,6300600-008,3鄰,承德路,2段,129巷,,,,16號,121.51870397294,25.057122945945
臺北市大同區光能里11鄰承德路二段53巷16號,63,6300600,6300600-008,11鄰,承德路,2段,53巷,,,,16號,121.51884938006,25.055284457293
臺北市大同區光能里19鄰承德路二段1巷16號,63,6300600,6300600-008,19鄰,承德路,2段,1巷,,,,16號,121.51847423896,25.053569917952
臺北市大同區光能里9鄰承德路二段63巷16號,63,6300600,6300600-008,9鄰,承德路,2段,63巷,,,,16號,121.5188988066,25.055618729701
臺北市大同區光能里7鄰承德路二段91巷17號,63,6300600,6300600-008,7鄰,承德路,2段,91巷,,,,17號,121.51871793876,25.056268471129
臺北市大同區光能里7鄰承德路二段75巷17號,63,6300600,6300600-008,7鄰,承德路,2段,75巷,,,,17號,121.51896064678,25.055878793057
臺北市大同區光能里3鄰承德路二段117巷17號,63,6300600,6300600-008,3鄰,承德路,2段,117巷,,,,17號,121.51870417372,25.056885741613
臺北市大同區光能里16鄰承德路二段1巷17號,63,6300600,6300600-008,16鄰,承德路,2段,1巷,,,,17號,121.51876659225,25.053574891782
臺北市大同區光能里11鄰承德路二段53巷17號,63,6300600,6300600-008,11鄰,承德路,2段,53巷,,,,17號,121.51905007419,25.05537276385
臺北市大同區光能里11鄰承德路二段37巷9弄17號,63,6300600,6300600-008,11鄰,承德路,2段,37巷,9弄,,,17號,121.51904637905,25.05512372825
臺北市大同區光能里1鄰承德路二段109巷18號,63,6300600,6300600-008,1鄰,承德路,2段,109巷,,,,18號,121.51905361712,25.0566374765
臺北市大同區光能里11鄰承德路二段53巷18號,63,6300600,6300600-008,11鄰,承德路,2段,53巷,,,,18號,121.51891854158,25.055296746636
臺北市大同區光能里19鄰承德路二段1巷18號,63,6300600,6300600-008,19鄰,承德路,2段,1巷,,,,18號,121.5185191803,25.053559387805
臺北市大同區光能里9鄰承德路二段63巷18號,63,6300600,6300600-008,9鄰,承德路,2段,63巷,,,,18號,121.51895607121,25.055632468968
臺北市大同區光能里5鄰承德路二段37巷19號,63,6300600,6300600-008,5鄰,承德路,2段,37巷,,,,19號,121.5190841701,25.054944957624
臺北市大同區光能里3鄰承德路二段117巷19號,63,6300600,6300600-008,3鄰,承德路,2段,117巷,,,,19號,121.51874575264,25.056883745633
臺北市大同區光能里11鄰承德路二段53巷19號,63,6300600,6300600-008,11鄰,承德路,2段,53巷,,,,19號,121.51909378547,25.055373595142
臺北市大同區光能里11鄰承德路二段37巷9弄19號,63,6300600,6300600-008,11鄰,承德路,2段,37巷,9弄,,,19號,121.51908751417,25.055143572649
臺北市大同區光能里16鄰承德路二段1巷19號,63,6300600,6300600-008,16鄰,承德路,2段,1巷,,,,19號,121.5187944931,25.053568212861
臺北市大同區光能里7鄰承德路二段75巷19號,63,6300600,6300600-008,7鄰,承德路,2段,75巷,,,,19號,121.51898582279,25.055860396147
臺北市大同區光能里7鄰承德路二段91巷19號,63,6300600,6300600-008,7鄰,承德路,2段,91巷,,,,19號,121.51875491095,25.056266987783
臺北市大同區光能里1鄰承德路二段117巷20號,63,6300600,6300600-008,1鄰,承德路,2段,117巷,,,,20號,121.51896759454,25.056817833039
臺北市大同區光能里19鄰承德路二段1巷20號,63,6300600,6300600-008,19鄰,承德路,2段,1巷,,,,20號,121.5186058649,25.053539078938
臺北市大同區光能里11鄰承德路二段53巷20號,63,6300600,6300600-008,11鄰,承德路,2段,53巷,,,,20號,121.51909382385,25.055302706554
臺北市大同區光能里9鄰承德路二段63巷20號,63,6300600,6300600-008,9鄰,承德路,2段,63巷,,,,20號,121.51902372349,25.055667586509
臺北市大同區光能里9鄰承德路二段75巷20號,63,6300600,6300600-008,9鄰,承德路,2段,75巷,,,,20號,121.51904380542,25.055738675622
臺北市大同區光能里11鄰承德路二段53巷21號,63,6300600,6300600-008,11鄰,承德路,2段,53巷,,,,21號,121.51912685632,25.055373037178
臺北市大同區光能里16鄰承德路二段1巷21號,63,6300600,6300600-008,16鄰,承德路,2段,1巷,,,,21號,121.51882525526,25.053560837806
臺北市大同區光能里5鄰承德路二段37巷21號,63,6300600,6300600-008,5鄰,承德路,2段,37巷,,,,21號,121.51914414002,25.054942202101
臺北市大同區光能里3鄰承德路二段117巷21號,63,6300600,6300600-008,3鄰,承德路,2段,117巷,,,,21號,121.51878383646,25.056882592433
臺北市大同區光能里7鄰承德路二段91巷21號,63,6300600,6300600-008,7鄰,承德路,2段,91巷,,,,21號,121.51878956268,25.056265205578
臺北市大同區光能里19鄰承德路二段1巷22號,63,6300600,6300600-008,19鄰,承德路,2段,1巷,,,,22號,121.5186490636,25.053528952072
臺北市大同區光能里11鄰承德路二段53巷22號,63,6300600,6300600-008,11鄰,承德路,2段,53巷,,,,22號,121.51916909273,25.055299030852
臺北市大同區光能里1鄰承德路二段117巷22號,63,6300600,6300600-008,1鄰,承德路,2段,117巷,,,,22號,121.51904938699,25.056814414461
臺北市大同區光能里9鄰承德路二段75巷22號,63,6300600,6300600-008,9鄰,承德路,2段,75巷,,,,22號,121.51910903506,25.055735098228
臺北市大同區光能里16鄰承德路二段1巷23號,63,6300600,6300600-008,16鄰,承德路,2段,1巷,,,,23號,121.51885639366,25.05355337115
臺北市大同區光能里11鄰承德路二段53巷23號,63,6300600,6300600-008,11鄰,承德路,2段,53巷,,,,23號,121.51916924924,25.055371471587
臺北市大同區光能里5鄰承德路二段37巷23號,63,6300600,6300600-008,5鄰,承德路,2段,37巷,,,,23號,121.51916553376,25.054941215484
臺北市大同區光能里3鄰承德路二段117巷23號,63,6300600,6300600-008,3鄰,承德路,2段,117巷,,,,23號,121.5188236528,25.056880981767
臺北市大同區光能里8鄰承德路二段75巷23號,63,6300600,6300600-008,8鄰,承德路,2段,75巷,,,,23號,121.51907899729,25.05580869175
臺北市大同區光能里9鄰承德路二段75巷24號,63,6300600,6300600-008,9鄰,承德路,2段,75巷,,,,24號,121.51915548755,25.055732561475
臺北市大同區光能里11鄰承德路二段53巷24號,63,6300600,6300600-008,11鄰,承德路,2段,53巷,,,,24號,121.51925584045,25.055295793468
臺北市大同區光能里19鄰承德路二段1巷24號,63,6300600,6300600-008,19鄰,承德路,2段,1巷,,,,24號,121.5187074507,25.053515278285
臺北市大同區光能里7鄰承德路二段91巷25號,63,6300600,6300600-008,7鄰,承德路,2段,91巷,,,,25號,121.51883591309,25.056264267248
臺北市大同區光能里8鄰承德路二段75巷25號,63,6300600,6300600-008,8鄰,承德路,2段,75巷,,,,25號,121.5191633214,25.055804108675
臺北市大同區光能里9鄰承德路二段53巷25號,63,6300600,6300600-008,9鄰,承德路,2段,53巷,,,,25號,121.5192617707,25.055367175788
臺北市大同區光能里16鄰承德路二段1巷25號,63,6300600,6300600-008,16鄰,承德路,2段,1巷,,,,25號,121.51889274985,25.053544658439
臺北市大同區光能里3鄰承德路二段117巷25號,63,6300600,6300600-008,3鄰,承德路,2段,117巷,,,,25號,121.5188686023,25.056879172595
臺北市大同區光能里16鄰承德路二段1巷25之1號,63,6300600,6300600-008,16鄰,承德路,2段,1巷,,,,25之1號,121.51889274985,25.053544658439
臺北市大同區光能里16鄰承德路二段1巷25之2號,63,6300600,6300600-008,16鄰,承德路,2段,1巷,,,,25之2號,121.51889274985,25.053544658439
臺北市大同區光能里19鄰承德路二段1巷26號,63,6300600,6300600-008,19鄰,承德路,2段,1巷,,,,26號,121.51874177796,25.053507231747
臺北市大同區光能里11鄰承德路二段53巷26號,63,6300600,6300600-008,11鄰,承德路,2段,53巷,,,,26號,121.51930996165,25.055292715257
臺北市大同區光能里1鄰承德路二段129巷26號,63,6300600,6300600-008,1鄰,承德路,2段,129巷,,,,26號,121.51917109028,25.057031782329
臺北市大同區光能里9鄰承德路二段75巷26號,63,6300600,6300600-008,9鄰,承德路,2段,75巷,,,,26號,121.51920353537,25.055729937878
臺北市大同區光能里16鄰承德路二段1巷27號,63,6300600,6300600-008,16鄰,承德路,2段,1巷,,,,27號,121.51892634367,25.053536605393
臺北市大同區光能里3鄰承德路二段117巷27號,63,6300600,6300600-008,3鄰,承德路,2段,117巷,,,,27號,121.51891810024,25.056877175984
臺北市大同區光能里8鄰承德路二段75巷27號,63,6300600,6300600-008,8鄰,承德路,2段,75巷,,,,27號,121.51921578861,25.055801252951
臺北市大同區光能里9鄰承德路二段53巷27號,63,6300600,6300600-008,9鄰,承德路,2段,53巷,,,,27號,121.51931345571,25.055364548468
臺北市大同區光能里19鄰承德路二段1巷28號,63,6300600,6300600-008,19鄰,承德路,2段,1巷,,,,28號,121.51880902654,25.053491477597
臺北市大同區光能里11鄰承德路二段53巷28號,63,6300600,6300600-008,11鄰,承德路,2段,53巷,,,,28號,121.51935975281,25.055289895926
臺北市大同區光能里1鄰承德路二段129巷28號,63,6300600,6300600-008,1鄰,承德路,2段,129巷,,,,28號,121.51919625628,25.057029780401
臺北市大同區光能里1鄰承德路二段117巷28號,63,6300600,6300600-008,1鄰,承德路,2段,117巷,,,,28號,121.5192339775,25.056794376912
臺北市大同區光能里9鄰承德路二段75巷28號,63,6300600,6300600-008,9鄰,承德路,2段,75巷,,,,28號,121.51927568134,25.055725984137
臺北市大同區光能里7鄰承德路二段97巷28號,63,6300600,6300600-008,7鄰,承德路,2段,97巷,,,,28號,121.5190894998,25.056346737359
臺北市大同區光能里8鄰承德路二段75巷29號,63,6300600,6300600-008,8鄰,承德路,2段,75巷,,,,29號,121.51929694185,25.055796834362
臺北市大同區光能里9鄰承德路二段53巷29號,63,6300600,6300600-008,9鄰,承德路,2段,53巷,,,,29號,121.51936468498,25.055361958837
臺北市大同區光能里7鄰承德路二段91巷29號,63,6300600,6300600-008,7鄰,承德路,2段,91巷,,,,29號,121.51888775722,25.056261675629
臺北市大同區光能里1鄰承德路二段109巷29號,63,6300600,6300600-008,1鄰,承德路,2段,109巷,,,,29號,121.51910218372,25.056710867506
臺北市大同區光能里16鄰承德路二段1巷29號,63,6300600,6300600-008,16鄰,承德路,2段,1巷,,,,29號,121.51898286801,25.053523055371
臺北市大同區光能里11鄰承德路二段53巷30號,63,6300600,6300600-008,11鄰,承德路,2段,53巷,,,,30號,121.51940972237,25.055287075954
臺北市大同區光能里1鄰承德路二段117巷30號,63,6300600,6300600-008,1鄰,承德路,2段,117巷,,,,30號,121.51928014118,25.056796120432
臺北市大同區光能里19鄰承德路二段1巷30號,63,6300600,6300600-008,19鄰,承德路,2段,1巷,,,,30號,121.51885327476,25.053481112276
臺北市大同區光能里7鄰承德路二段91巷30號,63,6300600,6300600-008,7鄰,承德路,2段,91巷,,,,30號,121.51907211998,25.056161876041
臺北市大同區光能里8鄰承德路二段109巷30號,63,6300600,6300600-008,8鄰,承德路,2段,109巷,,,,30號,121.51930630825,25.05662245518
臺北市大同區光能里9鄰承德路二段75巷30號,63,6300600,6300600-008,9鄰,承德路,2段,75巷,,,,30號,121.5193148013,25.055723843122
臺北市大同區光能里8鄰承德路二段75巷31號,63,6300600,6300600-008,8鄰,承德路,2段,75巷,,,,31號,121.5193347341,25.055794779237
臺北市大同區光能里9鄰承德路二段53巷31號,63,6300600,6300600-008,9鄰,承德路,2段,53巷,,,,31號,121.51941559712,25.055359379325
臺北市大同區光能里19鄰承德路二段31號,63,6300600,6300600-008,19鄰,承德路,2段,,,,,31號,121.51825420924,25.053931122875
臺北市大同區光能里3鄰承德路二段117巷31號,63,6300600,6300600-008,3鄰,承德路,2段,117巷,,,,31號,121.51899191933,25.056874967973
臺北市大同區光能里16鄰承德路二段1巷31號,63,6300600,6300600-008,16鄰,承德路,2段,1巷,,,,31號,121.51903834286,25.053509761782
臺北市大同區光能里16鄰承德路二段1巷32號,63,6300600,6300600-008,16鄰,承德路,2段,1巷,,,,32號,121.51891305786,25.053467108521
臺北市大同區光能里11鄰承德路二段53巷32號,63,6300600,6300600-008,11鄰,承德路,2段,53巷,,,,32號,121.51946393276,25.055283997375
臺北市大同區光能里1鄰承德路二段117巷32號,63,6300600,6300600-008,1鄰,承德路,2段,117巷,,,,32號,121.51932080012,25.056766330067
臺北市大同區光能里8鄰承德路二段97巷32號,63,6300600,6300600-008,8鄰,承德路,2段,97巷,,,,32號,121.51920896267,25.056375895743
臺北市大同區光能里7鄰承德路二段91巷32號,63,6300600,6300600-008,7鄰,承德路,2段,91巷,,,,32號,121.51915764181,25.056156873489
臺北市大同區光能里9鄰承德路二段75巷32號,63,6300600,6300600-008,9鄰,承德路,2段,75巷,,,,32號,121.51936017372,25.05572136425
臺北市大同區光能里9鄰承德路二段53巷33號,63,6300600,6300600-008,9鄰,承德路,2段,53巷,,,,33號,121.51946990802,25.055356625403
臺北市大同區光能里8鄰承德路二段75巷33號,63,6300600,6300600-008,8鄰,承德路,2段,75巷,,,,33號,121.51937527107,25.055792570055
臺北市大同區光能里8鄰承德路二段91巷33號,63,6300600,6300600-008,8鄰,承德路,2段,91巷,,,,33號,121.51893304346,25.056259865264
臺北市大同區光能里3鄰承德路二段117巷33號,63,6300600,6300600-008,3鄰,承德路,2段,117巷,,,,33號,121.51911083606,25.056868476471
臺北市大同區光能里5鄰承德路二段33號,63,6300600,6300600-008,5鄰,承德路,2段,,,,,33號,121.51842343922,25.054588615985
臺北市大同區光能里16鄰承德路二段1巷34號,63,6300600,6300600-008,16鄰,承德路,2段,1巷,,,,34號,121.51895872188,25.053456404183
臺北市大同區光能里11鄰承德路二段53巷34號,63,6300600,6300600-008,11鄰,承德路,2段,53巷,,,,34號,121.51952582243,25.055280494679
臺北市大同區光能里1鄰承德路二段117巷34號,63,6300600,6300600-008,1鄰,承德路,2段,117巷,,,,34號,121.51935988058,25.056766500362
臺北市大同區光能里8鄰承德路二段91巷34號,63,6300600,6300600-008,8鄰,承德路,2段,91巷,,,,34號,121.51918687508,25.056155796266
臺北市大同區光能里8鄰承德路二段97巷34號,63,6300600,6300600-008,8鄰,承德路,2段,97巷,,,,34號,121.51923633741,25.056366528207
臺北市大同區光能里9鄰承德路二段75巷34號,63,6300600,6300600-008,9鄰,承德路,2段,75巷,,,,34號,121.51940229604,25.055719059236
臺北市大同區光能里9鄰承德路二段53巷35號,63,6300600,6300600-008,9鄰,承德路,2段,53巷,,,,35號,121.51952412976,25.055353880801
臺北市大同區光能里8鄰承德路二段91巷35號,63,6300600,6300600-008,8鄰,承德路,2段,91巷,,,,35號,121.5190122432,25.05625748497
臺北市大同區光能里8鄰承德路二段75巷35號,63,6300600,6300600-008,8鄰,承德路,2段,75巷,,,,35號,121.51945042947,25.055788479301
臺北市大同區光能里5鄰承德路二段35號,63,6300600,6300600-008,5鄰,承德路,2段,,,,,35號,121.51843579814,25.054793564376
臺北市大同區光能里3鄰承德路二段117巷35號,63,6300600,6300600-008,3鄰,承德路,2段,117巷,,,,35號,121.51914800786,25.056867281225
臺北市大同區光能里3鄰承德路二段129巷35號,63,6300600,6300600-008,3鄰,承德路,2段,129巷,,,,35號,121.51900002806,25.057112973844
臺北市大同區光能里16鄰承德路二段1巷36號,63,6300600,6300600-008,16鄰,承德路,2段,1巷,,,,36號,121.51900649488,25.053445213973
臺北市大同區光能里11鄰承德路二段53巷36號,63,6300600,6300600-008,11鄰,承德路,2段,53巷,,,,36號,121.51956741908,25.055278137291
臺北市大同區光能里8鄰承德路二段91巷36號,63,6300600,6300600-008,8鄰,承德路,2段,91巷,,,,36號,121.51921885335,25.056154628189
臺北市大同區光能里8鄰承德路二段109巷36號,63,6300600,6300600-008,8鄰,承德路,2段,109巷,,,,36號,121.51941054895,25.056600134374
臺北市大同區光能里9鄰承德路二段75巷36號,63,6300600,6300600-008,9鄰,承德路,2段,75巷,,,,36號,121.51945060141,25.055716407574
臺北市大同區光能里3鄰承德路二段117巷37號,63,6300600,6300600-008,3鄰,承德路,2段,117巷,,,,37號,121.51919087779,25.056865894517
臺北市大同區光能里3鄰承德路二段109巷37號,63,6300600,6300600-008,3鄰,承德路,2段,109巷,,,,37號,121.51931985724,25.056700166608
臺北市大同區光能里8鄰承德路二段91巷37號,63,6300600,6300600-008,8鄰,承德路,2段,91巷,,,,37號,121.51904643958,25.056255839718
臺北市大同區光能里8鄰承德路二段75巷37號,63,6300600,6300600-008,8鄰,承德路,2段,75巷,,,,37號,121.5194869732,25.055786491701
臺北市大同區光能里9鄰承德路二段53巷37號,63,6300600,6300600-008,9鄰,承德路,2段,53巷,,,,37號,121.51956952263,25.055351582357
臺北市大同區光能里8鄰承德路二段91巷38號,63,6300600,6300600-008,8鄰,承德路,2段,91巷,,,,38號,121.51925111897,25.056153441043
臺北市大同區光能里8鄰承德路二段109巷38號,63,6300600,6300600-008,8鄰,承德路,2段,109巷,,,,38號,121.51944311506,25.056592617454
臺北市大同區光能里9鄰承德路二段75巷38號,63,6300600,6300600-008,9鄰,承德路,2段,75巷,,,,38號,121.51949915456,25.05571375503
臺北市大同區光能里16鄰承德路二段1巷38號,63,6300600,6300600-008,16鄰,承德路,2段,1巷,,,,38號,121.5190564065,25.05343351973
臺北市大同區光能里11鄰承德路二段39號,63,6300600,6300600-008,11鄰,承德路,2段,,,,,39號,121.51840170497,25.054991651058
臺北市大同區光能里3鄰承德路二段109巷39號,63,6300600,6300600-008,3鄰,承德路,2段,109巷,,,,39號,121.51937279934,25.056697020265
臺北市大同區光能里3鄰承德路二段117巷39號,63,6300600,6300600-008,3鄰,承德路,2段,117巷,,,,39號,121.51930246633,25.056844387708
臺北市大同區光能里5鄰承德路二段39號,63,6300600,6300600-008,5鄰,承德路,2段,,,,,39號,121.51840170497,25.054991651058
臺北市大同區光能里8鄰承德路二段91巷39號,63,6300600,6300600-008,8鄰,承德路,2段,91巷,,,,39號,121.51910792565,25.056252871257
臺北市大同區光能里8鄰承德路二段75巷39號,63,6300600,6300600-008,8鄰,承德路,2段,75巷,,,,39號,121.51955328302,25.055782883249
臺北市大同區光能里9鄰承德路二段39號,63,6300600,6300600-008,9鄰,承德路,2段,,,,,39號,121.51840170497,25.054991651058
臺北市大同區光能里8鄰承德路二段97巷39之1號,63,6300600,6300600-008,8鄰,承德路,2段,97巷,,,,39之1號,121.51928579013,25.05643146578
臺北市大同區光能里8鄰承德路二段91巷40號,63,6300600,6300600-008,8鄰,承德路,2段,91巷,,,,40號,121.51936310117,25.056114969066
臺北市大同區光能里8鄰承德路二段109巷40號,63,6300600,6300600-008,8鄰,承德路,2段,109巷,,,,40號,121.51947440391,25.056585402922
臺北市大同區光能里9鄰承德路二段75巷40號,63,6300600,6300600-008,9鄰,承德路,2段,75巷,,,,40號,121.51954878776,25.055711044523
臺北市大同區光能里3鄰承德路二段109巷41號,63,6300600,6300600-008,3鄰,承德路,2段,109巷,,,,41號,121.51942521961,25.056694697283
臺北市大同區光能里3鄰承德路二段117巷41號,63,6300600,6300600-008,3鄰,承德路,2段,117巷,,,,41號,121.51935839169,25.056843578238
臺北市大同區光能里5鄰承德路二段41號,63,6300600,6300600-008,5鄰,承德路,2段,,,,,41號,121.5183935282,25.055036377608
臺北市大同區光能里8鄰承德路二段91巷41號,63,6300600,6300600-008,8鄰,承德路,2段,91巷,,,,41號,121.5193836368,25.05624190421
臺北市大同區光能里8鄰承德路二段75巷41號,63,6300600,6300600-008,8鄰,承德路,2段,75巷,,,,41號,121.51959999321,25.055780345455
臺北市大同區光能里8鄰承德路二段97巷41號,63,6300600,6300600-008,8鄰,承德路,2段,97巷,,,,41號,121.51934277603,25.056433063106
臺北市大同區光能里8鄰承德路二段109巷42號,63,6300600,6300600-008,8鄰,承德路,2段,109巷,,,,42號,121.51950342522,25.056578692859
臺北市大同區光能里3鄰承德路二段117巷43號,63,6300600,6300600-008,3鄰,承德路,2段,117巷,,,,43號,121.51941230519,25.056842793839
臺北市大同區光能里3鄰承德路二段109巷43號,63,6300600,6300600-008,3鄰,承德路,2段,109巷,,,,43號,121.51947199998,25.056692267617
臺北市大同區光能里5鄰承德路二段43號,63,6300600,6300600-008,5鄰,承德路,2段,,,,,43號,121.51839883938,25.055052600581
臺北市大同區光能里8鄰承德路二段97巷43號,63,6300600,6300600-008,8鄰,承德路,2段,97巷,,,,43號,121.51937713088,25.05643138111
臺北市大同區光能里8鄰承德路二段109巷44號,63,6300600,6300600-008,8鄰,承德路,2段,109巷,,,,44號,121.51956828248,25.05655486659
臺北市大同區光能里8鄰承德路二段91巷44號,63,6300600,6300600-008,8鄰,承德路,2段,91巷,,,,44號,121.51944387961,25.056146203574
臺北市大同區光能里8鄰承德路二段91巷45號,63,6300600,6300600-008,8鄰,承德路,2段,91巷,,,,45號,121.51949498169,25.056233272149
臺北市大同區光能里8鄰承德路二段97巷45號,63,6300600,6300600-008,8鄰,承德路,2段,97巷,,,,45號,121.51940876074,25.05642983503
臺北市大同區光能里3鄰承德路二段109巷45號,63,6300600,6300600-008,3鄰,承德路,2段,109巷,,,,45號,121.51952522529,25.056690474441
臺北市大同區光能里3鄰承德路二段117巷45號,63,6300600,6300600-008,3鄰,承德路,2段,117巷,,,,45號,121.51947368139,25.056841911093
臺北市大同區光能里8鄰承德路二段97巷46號,63,6300600,6300600-008,8鄰,承德路,2段,97巷,,,,46號,121.51941988349,25.056359873692
臺北市大同區光能里8鄰承德路二段91巷46號,63,6300600,6300600-008,8鄰,承德路,2段,91巷,,,,46號,121.5194864205,25.05614441167
臺北市大同區光能里8鄰承德路二段109巷46號,63,6300600,6300600-008,8鄰,承德路,2段,109巷,,,,46號,121.51960236114,25.056548788836
臺北市大同區光能里8鄰承德路二段97巷47號,63,6300600,6300600-008,8鄰,承德路,2段,97巷,,,,47號,121.51944550372,25.056428045358
臺北市大同區光能里9鄰承德路二段47號,63,6300600,6300600-008,9鄰,承德路,2段,,,,,47號,121.51839702811,25.0551309345
臺北市大同區光能里3鄰承德路二段109巷47號,63,6300600,6300600-008,3鄰,承德路,2段,109巷,,,,47號,121.519554998,25.05669037029
臺北市大同區光能里5鄰承德路二段47號,63,6300600,6300600-008,5鄰,承德路,2段,,,,,47號,121.51839702811,25.0551309345
臺北市大同區光能里8鄰承德路二段97巷48號,63,6300600,6300600-008,8鄰,承德路,2段,97巷,,,,48號,121.5194588148,25.056357606904
臺北市大同區光能里8鄰承德路二段91巷48號,63,6300600,6300600-008,8鄰,承德路,2段,91巷,,,,48號,121.51952057804,25.056142965063
臺北市大同區光能里8鄰承德路二段97巷49號,63,6300600,6300600-008,8鄰,承德路,2段,97巷,,,,49號,121.51947723269,25.056426498917
臺北市大同區光能里5鄰承德路二段49號,63,6300600,6300600-008,5鄰,承德路,2段,,,,,49號,121.51839473029,25.055230260396
臺北市大同區光能里3鄰承德路二段109巷49號,63,6300600,6300600-008,3鄰,承德路,2段,109巷,,,,49號,121.51959289966,25.056685994498
臺北市大同區光能里8鄰承德路二段97巷50號,63,6300600,6300600-008,8鄰,承德路,2段,97巷,,,,50號,121.51950145198,25.056355128525
臺北市大同區光能里8鄰承德路二段91巷50號,63,6300600,6300600-008,8鄰,承德路,2段,91巷,,,,50號,121.51960556067,25.056139372519
臺北市大同區光能里8鄰承德路二段109巷50號,63,6300600,6300600-008,8鄰,承德路,2段,109巷,,,,50號,121.51958010062,25.056614591097
臺北市大同區光能里8鄰承德路二段97巷52號,63,6300600,6300600-008,8鄰,承德路,2段,97巷,,,,52號,121.51954430713,25.056352631315
臺北市大同區光能里8鄰承德路二段97巷54號,63,6300600,6300600-008,8鄰,承德路,2段,97巷,,,,54號,121.51958868822,25.056350047502
臺北市大同區光能里9鄰承德路二段55號,63,6300600,6300600-008,9鄰,承德路,2段,,,,,55號,121.51839337069,25.055366489794
臺北市大同區光能里9鄰承德路二段57號,63,6300600,6300600-008,9鄰,承德路,2段,,,,,57號,121.51839320586,25.055405058313
臺北市大同區光能里9鄰承德路二段59號,63,6300600,6300600-008,9鄰,承德路,2段,,,,,59號,121.51839305501,25.05544223646
臺北市大同區光能里9鄰承德路二段61號,63,6300600,6300600-008,9鄰,承德路,2段,,,,,61號,121.51839288585,25.055482132121
臺北市大同區光能里9鄰承德路二段65號,63,6300600,6300600-008,9鄰,承德路,2段,,,,,65號,121.51838970877,25.055584485487
臺北市大同區光能里9鄰承德路二段67號,63,6300600,6300600-008,9鄰,承德路,2段,,,,,67號,121.51838934964,25.055621628247
臺北市大同區光能里7鄰承德路二段77號,63,6300600,6300600-008,7鄰,承德路,2段,,,,,77號,121.51839313189,25.055898749905
臺北市大同區光能里7鄰承德路二段79號,63,6300600,6300600-008,7鄰,承德路,2段,,,,,79號,121.51839372417,25.055924098676
臺北市大同區光能里7鄰承德路二段81號,63,6300600,6300600-008,7鄰,承德路,2段,,,,,81號,121.51839168381,25.05601630051
臺北市大同區光能里7鄰承德路二段83號,63,6300600,6300600-008,7鄰,承德路,2段,,,,,83號,121.51839071762,25.056095263435
臺北市大同區光能里7鄰承德路二段83之1號,63,6300600,6300600-008,7鄰,承德路,2段,,,,,83之1號,121.51841448472,25.056187203653
臺北市大同區光能里7鄰承德路二段83之2號,63,6300600,6300600-008,7鄰,承德路,2段,,,,,83之2號,121.5184899931,25.056183780239
臺北市大同區光能里7鄰承德路二段95號,63,6300600,6300600-008,7鄰,承德路,2段,,,,,95號,121.51838769453,25.056335538168
臺北市大同區光能里1鄰承德路二段129號,63,6300600,6300600-008,1鄰,承德路,2段,,,,,129號,121.51838044005,25.057047183463
臺北市大同區光能里1鄰承德路二段131號,63,6300600,6300600-008,1鄰,承德路,2段,,,,,131號,121.51837510974,25.057151304798
臺北市大同區雙連里10鄰承德路二段155巷2弄1號,63,6300600,6300600-011,10鄰,承德路,2段,155巷,2弄,,,1號,121.51858883148,25.058010076446
臺北市大同區雙連里10鄰承德路二段155巷1號,63,6300600,6300600-011,10鄰,承德路,2段,155巷,,,,1號,121.51864063327,25.058166794434
臺北市大同區雙連里12鄰承德路二段139巷1號,63,6300600,6300600-011,12鄰,承德路,2段,139巷,,,,1號,121.51847507154,25.057749002576
臺北市大同區雙連里7鄰承德路二段175巷1號,63,6300600,6300600-011,7鄰,承德路,2段,175巷,,,,1號,121.51867541172,25.058889586869
臺北市大同區雙連里7鄰承德路二段187巷1號,63,6300600,6300600-011,7鄰,承德路,2段,187巷,,,,1號,121.5186323366,25.05922385723
臺北市大同區雙連里10鄰承德路二段155巷2弄2號,63,6300600,6300600-011,10鄰,承德路,2段,155巷,2弄,,,2號,121.51874616756,25.058088847604
臺北市大同區雙連里7鄰承德路二段187巷2號,63,6300600,6300600-011,7鄰,承德路,2段,187巷,,,,2號,121.5185958513,25.059136358178
臺北市大同區雙連里7鄰承德路二段175巷2號,63,6300600,6300600-011,7鄰,承德路,2段,175巷,,,,2號,121.51861488115,25.0587902096
臺北市大同區雙連里12鄰承德路二段139巷3號,63,6300600,6300600-011,12鄰,承德路,2段,139巷,,,,3號,121.51853428536,25.057757020414
臺北市大同區雙連里10鄰承德路二段155巷3號,63,6300600,6300600-011,10鄰,承德路,2段,155巷,,,,3號,121.51868251951,25.058171776093
臺北市大同區雙連里7鄰承德路二段175巷3號,63,6300600,6300600-011,7鄰,承德路,2段,175巷,,,,3號,121.51872767286,25.058952826539
臺北市大同區雙連里7鄰承德路二段187巷3號,63,6300600,6300600-011,7鄰,承德路,2段,187巷,,,,3號,121.51867240245,25.059227184079
臺北市大同區雙連里10鄰承德路二段155巷4號,63,6300600,6300600-011,10鄰,承德路,2段,155巷,,,,4號,121.51862942361,25.058077311206
臺北市大同區雙連里7鄰承德路二段187巷4號,63,6300600,6300600-011,7鄰,承德路,2段,187巷,,,,4號,121.51864306098,25.059141510844
臺北市大同區雙連里7鄰承德路二段175巷4號,63,6300600,6300600-011,7鄰,承德路,2段,175巷,,,,4號,121.51867487044,25.05880809235
臺北市大同區雙連里7鄰承德路二段175巷5號,63,6300600,6300600-011,7鄰,承德路,2段,175巷,,,,5號,121.51877063706,25.058957181467
臺北市大同區雙連里7鄰承德路二段187巷5號,63,6300600,6300600-011,7鄰,承德路,2段,187巷,,,,5號,121.51871164537,25.059230441568
臺北市大同區雙連里12鄰承德路二段139巷5號,63,6300600,6300600-011,12鄰,承德路,2段,139巷,,,,5號,121.51858575914,25.057779320585
臺北市大同區雙連里10鄰承德路二段155巷5號,63,6300600,6300600-011,10鄰,承德路,2段,155巷,,,,5號,121.51873067286,25.058177512265
臺北市大同區雙連里10鄰承德路二段155巷6號,63,6300600,6300600-011,10鄰,承德路,2段,155巷,,,,6號,121.51865956308,25.058072430098
臺北市大同區雙連里7鄰承德路二段175巷6號,63,6300600,6300600-011,7鄰,承德路,2段,175巷,,,,6號,121.51874938789,25.058816110813
臺北市大同區雙連里12鄰承德路二段139巷7號,63,6300600,6300600-011,12鄰,承德路,2段,139巷,,,,7號,121.51862549567,25.057784580612
臺北市大同區雙連里10鄰承德路二段155巷7號,63,6300600,6300600-011,10鄰,承德路,2段,155巷,,,,7號,121.51877103203,25.058182318672
臺北市大同區雙連里10鄰承德路二段155巷8號,63,6300600,6300600-011,10鄰,承德路,2段,155巷,,,,8號,121.51868843966,25.058080689242
臺北市大同區雙連里7鄰承德路二段175巷8號,63,6300600,6300600-011,7鄰,承德路,2段,175巷,,,,8號,121.51880857307,25.058821907729
臺北市大同區雙連里12鄰承德路二段139巷9號,63,6300600,6300600-011,12鄰,承德路,2段,139巷,,,,9號,121.51866623388,25.057789990607
臺北市大同區雙連里10鄰承德路二段155巷9號,63,6300600,6300600-011,10鄰,承德路,2段,155巷,,,,9號,121.5188426021,25.058203663797
臺北市大同區雙連里10鄰承德路二段155巷10號,63,6300600,6300600-011,10鄰,承德路,2段,155巷,,,,10號,121.51874616756,25.058088847604
臺北市大同區雙連里7鄰承德路二段175巷10號,63,6300600,6300600-011,7鄰,承德路,2段,175巷,,,,10號,121.51888822366,25.058829700544
臺北市大同區雙連里12鄰承德路二段139巷11號,63,6300600,6300600-011,12鄰,承德路,2段,139巷,,,,11號,121.51871052228,25.057795866678
臺北市大同區雙連里10鄰承德路二段155巷12號,63,6300600,6300600-011,10鄰,承德路,2段,155巷,,,,12號,121.51878944458,25.058089888136
臺北市大同區雙連里12鄰承德路二段139巷13號,63,6300600,6300600-011,12鄰,承德路,2段,139巷,,,,13號,121.51875602052,25.057801901016
臺北市大同區雙連里10鄰承德路二段155巷14號,63,6300600,6300600-011,10鄰,承德路,2段,155巷,,,,14號,121.51884587947,25.058104027561
臺北市大同區雙連里12鄰承德路二段139巷15號,63,6300600,6300600-011,12鄰,承德路,2段,139巷,,,,15號,121.51879864287,25.057807548151
臺北市大同區雙連里12鄰承德路二段139巷16號,63,6300600,6300600-011,12鄰,承德路,2段,139巷,,,,16號,121.51882546642,25.057740159184
臺北市大同區雙連里10鄰承德路二段155巷16號,63,6300600,6300600-011,10鄰,承德路,2段,155巷,,,,16號,121.51886265479,25.058124146696
臺北市大同區雙連里12鄰承德路二段139巷17號,63,6300600,6300600-011,12鄰,承德路,2段,139巷,,,,17號,121.51884219744,25.057813327437
臺北市大同區雙連里10鄰承德路二段155巷18號,63,6300600,6300600-011,10鄰,承德路,2段,155巷,,,,18號,121.51891805082,25.058131654088
臺北市大同區雙連里10鄰承德路二段155巷20號,63,6300600,6300600-011,10鄰,承德路,2段,155巷,,,,20號,121.5189775525,25.05813972491
臺北市大同區雙連里12鄰承德路二段139巷21號,63,6300600,6300600-011,12鄰,承德路,2段,139巷,,,,21號,121.51891775861,25.05783632878
臺北市大同區雙連里12鄰承德路二段139巷23號,63,6300600,6300600-011,12鄰,承德路,2段,139巷,,,,23號,121.51895441479,25.057842068941
臺北市大同區雙連里12鄰承德路二段139巷26號,63,6300600,6300600-011,12鄰,承德路,2段,139巷,,,,26號,121.51901510921,25.057759204827
臺北市大同區雙連里16鄰承德路二段76號,63,6300600,6300600-011,16鄰,承德路,2段,,,,,76號,121.51796263758,25.057606955398
臺北市大同區雙連里16鄰承德路二段78號,63,6300600,6300600-011,16鄰,承德路,2段,,,,,78號,121.51796517188,25.057695846009
臺北市大同區雙連里16鄰承德路二段80號,63,6300600,6300600-011,16鄰,承德路,2段,,,,,80號,121.51796647679,25.057742200619
臺北市大同區雙連里16鄰承德路二段82號,63,6300600,6300600-011,16鄰,承德路,2段,,,,,82號,121.51796801184,25.057796147038
臺北市大同區雙連里16鄰承德路二段84號,63,6300600,6300600-011,16鄰,承德路,2段,,,,,84號,121.517969432,25.057846338177
臺北市大同區雙連里16鄰承德路二段86號,63,6300600,6300600-011,16鄰,承德路,2段,,,,,86號,121.51797077143,25.057893830204
臺北市大同區雙連里16鄰承德路二段88號,63,6300600,6300600-011,16鄰,承德路,2段,,,,,88號,121.51797220123,25.057943958113
臺北市大同區雙連里16鄰承德路二段90號,63,6300600,6300600-011,16鄰,承德路,2段,,,,,90號,121.51797334139,25.057984129066
臺北市大同區雙連里16鄰承德路二段92號,63,6300600,6300600-011,16鄰,承德路,2段,,,,,92號,121.51797265432,25.058075324037
臺北市大同區雙連里16鄰承德路二段94號,63,6300600,6300600-011,16鄰,承德路,2段,,,,,94號,121.51797425876,25.058129270211
臺北市大同區雙連里16鄰承德路二段96號,63,6300600,6300600-011,16鄰,承德路,2段,,,,,96號,121.51797912508,25.058192901159
臺北市大同區雙連里16鄰承德路二段98號,63,6300600,6300600-011,16鄰,承德路,2段,,,,,98號,121.51797737712,25.058234490563
臺北市大同區雙連里16鄰承德路二段100號,63,6300600,6300600-011,16鄰,承德路,2段,,,,,100號,121.51797868186,25.058278443703
臺北市大同區雙連里16鄰承德路二段102號,63,6300600,6300600-011,16鄰,承德路,2段,,,,,102號,121.51797998675,25.058322432955
臺北市大同區雙連里15鄰承德路二段104號,63,6300600,6300600-011,15鄰,承德路,2段,,,,,104號,121.51795526899,25.058487723883
臺北市大同區雙連里15鄰承德路二段106號,63,6300600,6300600-011,15鄰,承德路,2段,,,,,106號,121.51795714379,25.058516390506
臺北市大同區雙連里15鄰承德路二段108號,63,6300600,6300600-011,15鄰,承德路,2段,,,,,108號,121.51797236854,25.058599142894
臺北市大同區雙連里15鄰承德路二段110號,63,6300600,6300600-011,15鄰,承德路,2段,,,,,110號,121.51797286107,25.058626712912
臺北市大同區雙連里15鄰承德路二段112號,63,6300600,6300600-011,15鄰,承德路,2段,,,,,112號,121.51797336335,25.058654246783
臺北市大同區雙連里15鄰承德路二段114號,63,6300600,6300600-011,15鄰,承德路,2段,,,,,114號,121.51798685501,25.058701958232
臺北市大同區雙連里15鄰承德路二段116號,63,6300600,6300600-011,15鄰,承德路,2段,,,,,116號,121.5179882367,25.058759498351
臺北市大同區雙連里15鄰承德路二段118號,63,6300600,6300600-011,15鄰,承德路,2段,,,,,118號,121.51798896999,25.058801900653
臺北市大同區雙連里15鄰承德路二段120號,63,6300600,6300600-011,15鄰,承德路,2段,,,,,120號,121.5179897043,25.058844546708
臺北市大同區雙連里15鄰承德路二段122號,63,6300600,6300600-011,15鄰,承德路,2段,,,,,122號,121.51799057405,25.058895832157
臺北市大同區雙連里15鄰承德路二段124號,63,6300600,6300600-011,15鄰,承德路,2段,,,,,124號,121.51799210489,25.058993564734
臺北市大同區雙連里15鄰承德路二段126號,63,6300600,6300600-011,15鄰,承德路,2段,,,,,126號,121.5179930605,25.059046411739
臺北市大同區雙連里15鄰承德路二段128號,63,6300600,6300600-011,15鄰,承德路,2段,,,,,128號,121.51799390964,25.059092795015
臺北市大同區雙連里15鄰承德路二段130號,63,6300600,6300600-011,15鄰,承德路,2段,,,,,130號,121.51799840271,25.059150143717
臺北市大同區雙連里15鄰承德路二段132號,63,6300600,6300600-011,15鄰,承德路,2段,,,,,132號,121.51799573866,25.059193081494
臺北市大同區雙連里15鄰承德路二段134號,63,6300600,6300600-011,15鄰,承德路,2段,,,,,134號,121.51799651065,25.059235257956
臺北市大同區雙連里12鄰承德路二段135號,63,6300600,6300600-011,12鄰,承德路,2段,,,,,135號,121.51838508489,25.057576447144
臺北市大同區雙連里14鄰承德路二段136號,63,6300600,6300600-011,14鄰,承德路,2段,,,,,136號,121.51799900336,25.0593472425
臺北市大同區雙連里12鄰承德路二段137號,63,6300600,6300600-011,12鄰,承德路,2段,,,,,137號,121.51838699169,25.057631547853
臺北市大同區雙連里14鄰承德路二段138號,63,6300600,6300600-011,14鄰,承德路,2段,,,,,138號,121.51799999474,25.059387377852
臺北市大同區雙連里14鄰承德路二段140號,63,6300600,6300600-011,14鄰,承德路,2段,,,,,140號,121.5180016031,25.0594516792
臺北市大同區雙連里12鄰承德路二段141號,63,6300600,6300600-011,12鄰,承德路,2段,,,,,141號,121.51838910813,25.057776531334
臺北市大同區雙連里14鄰承德路二段142號,63,6300600,6300600-011,14鄰,承德路,2段,,,,,142號,121.51800413454,25.059554012597
臺北市大同區雙連里12鄰承德路二段143號,63,6300600,6300600-011,12鄰,承德路,2段,,,,,143號,121.51838993085,25.057816604082
臺北市大同區雙連里12鄰承德路二段145號,63,6300600,6300600-011,12鄰,承德路,2段,,,,,145號,121.51839067824,25.057852903358
臺北市大同區雙連里14鄰承德路二段146號,63,6300600,6300600-011,14鄰,承德路,2段,,,,,146號,121.51800773892,25.059741811006
臺北市大同區雙連里12鄰承德路二段147號,63,6300600,6300600-011,12鄰,承德路,2段,,,,,147號,121.51839099722,25.057914591073
臺北市大同區雙連里14鄰承德路二段148號,63,6300600,6300600-011,14鄰,承德路,2段,,,,,148號,121.51800935361,25.059857120935
臺北市大同區雙連里12鄰承德路二段149號,63,6300600,6300600-011,12鄰,承德路,2段,,,,,149號,121.51839301158,25.057966982981
臺北市大同區雙連里14鄰承德路二段150號,63,6300600,6300600-011,14鄰,承德路,2段,,,,,150號,121.51800781232,25.059796990325
臺北市大同區雙連里12鄰承德路二段151號,63,6300600,6300600-011,12鄰,承德路,2段,,,,,151號,121.51839379933,25.058005809976
臺北市大同區雙連里14鄰承德路二段152號,63,6300600,6300600-011,14鄰,承德路,2段,,,,,152號,121.51801143382,25.059939350384
臺北市大同區雙連里12鄰承德路二段153號,63,6300600,6300600-011,12鄰,承德路,2段,,,,,153號,121.5183945119,25.058040899611
臺北市大同區雙連里10鄰承德路二段157號,63,6300600,6300600-011,10鄰,承德路,2段,,,,,157號,121.51840113747,25.058181046353
臺北市大同區雙連里10鄰承德路二段159號,63,6300600,6300600-011,10鄰,承德路,2段,,,,,159號,121.51840134314,25.058229932652
臺北市大同區雙連里7鄰承德路二段167號,63,6300600,6300600-011,7鄰,承德路,2段,,,,,167號,121.51843477449,25.058583418489
臺北市大同區雙連里7鄰承德路二段169號,63,6300600,6300600-011,7鄰,承德路,2段,,,,,169號,121.51843563218,25.058624727956
臺北市大同區雙連里7鄰承德路二段171號,63,6300600,6300600-011,7鄰,承德路,2段,,,,,171號,121.51840990637,25.05869870351
臺北市大同區雙連里7鄰承德路二段173號,63,6300600,6300600-011,7鄰,承德路,2段,,,,,173號,121.51841126855,25.058751558121
臺北市大同區雙連里7鄰承德路二段177號,63,6300600,6300600-011,7鄰,承德路,2段,,,,,177號,121.51841331805,25.058906526861
臺北市大同區雙連里7鄰承德路二段179號,63,6300600,6300600-011,7鄰,承德路,2段,,,,,179號,121.51841520621,25.058997234342
臺北市大同區雙連里7鄰承德路二段181號,63,6300600,6300600-011,7鄰,承德路,2段,,,,,181號,121.51841603884,25.05903729802
臺北市大同區雙連里7鄰承德路二段183號,63,6300600,6300600-011,7鄰,承德路,2段,,,,,183號,121.51841680842,25.059074156953
臺北市大同區雙連里7鄰承德路二段185號,63,6300600,6300600-011,7鄰,承德路,2段,,,,,185號,121.51841745276,25.059104805009
臺北市大同區雙連里7鄰承德路二段189號,63,6300600,6300600-011,7鄰,承德路,2段,,,,,189號,121.51842104037,25.05921309324
臺北市大同區雙連里7鄰承德路二段191號,63,6300600,6300600-011,7鄰,承德路,2段,,,,,191號,121.51842196463,25.059258447047
臺北市大同區雙連里7鄰承德路二段193號,63,6300600,6300600-011,7鄰,承德路,2段,,,,,193號,121.51842285457,25.059302708578
臺北市大同區雙連里7鄰承德路二段195號,63,6300600,6300600-011,7鄰,承德路,2段,,,,,195號,121.51842425784,25.059372391367
臺北市大同區雙連里7鄰承德路二段197號,63,6300600,6300600-011,7鄰,承德路,2段,,,,,197號,121.51842499788,25.059409295542
臺北市大同區雙連里7鄰承德路二段199號,63,6300600,6300600-011,7鄰,承德路,2段,,,,,199號,121.51842597509,25.059457808988
臺北市大同區雙連里7鄰承德路二段199之1號,63,6300600,6300600-011,7鄰,承德路,2段,,,,,199之1號,121.51868738411,25.059506333899
臺北市大同區雙連里4鄰承德路二段203號,63,6300600,6300600-011,4鄰,承德路,2段,,,,,203號,121.51842568869,25.059571121317
臺北市大同區雙連里4鄰承德路二段205號,63,6300600,6300600-011,4鄰,承德路,2段,,,,,205號,121.51842601259,25.059617479335
臺北市大同區雙連里4鄰承德路二段207號,63,6300600,6300600-011,4鄰,承德路,2段,,,,,207號,121.518426933,25.059645427031
臺北市大同區雙連里4鄰承德路二段209號,63,6300600,6300600-011,4鄰,承德路,2段,,,,,209號,121.51842771705,25.059669231319
臺北市大同區雙連里4鄰承德路二段211號,63,6300600,6300600-011,4鄰,承德路,2段,,,,,211號,121.51842889747,25.059693016167
臺北市大同區雙連里4鄰承德路二段213號,63,6300600,6300600-011,4鄰,承德路,2段,,,,,213號,121.51842919034,25.059734354684
臺北市大同區雙連里4鄰承德路二段215號,63,6300600,6300600-011,4鄰,承德路,2段,,,,,215號,121.5184295432,25.059764037751
臺北市大同區雙連里4鄰承德路二段217號,63,6300600,6300600-011,4鄰,承德路,2段,,,,,217號,121.51842913369,25.059878713744
臺北市大同區雙連里4鄰承德路二段219號,63,6300600,6300600-011,4鄰,承德路,2段,,,,,219號,121.51843346211,25.059934564338
臺北市大同區雙連里4鄰承德路二段221號,63,6300600,6300600-011,4鄰,承德路,2段,,,,,221號,121.51843156879,25.060016952098
臺北市大同區雙連里4鄰承德路二段223號,63,6300600,6300600-011,4鄰,承德路,2段,,,,,223號,121.51843763297,25.060061321953
臺北市大同區雙連里4鄰承德路二段225號,63,6300600,6300600-011,4鄰,承德路,2段,,,,,225號,121.51843847681,25.060099336214
臺北市大同區民權里17鄰承德路二段156號,63,6300600,6300600-013,17鄰,承德路,2段,,,,,156號,121.51802257107,25.060398280626
臺北市大同區民權里17鄰承德路二段158號,63,6300600,6300600-013,17鄰,承德路,2段,,,,,158號,121.51802391956,25.06052806347
臺北市大同區民權里17鄰承德路二段164號,63,6300600,6300600-013,17鄰,承德路,2段,,,,,164號,121.51808112858,25.060794408651
臺北市大同區民權里17鄰承德路二段168號,63,6300600,6300600-013,17鄰,承德路,2段,,,,,168號,121.51802759475,25.061034417075
臺北市大同區民權里17鄰承德路二段170號,63,6300600,6300600-013,17鄰,承德路,2段,,,,,170號,121.51802781571,25.061086968701
臺北市大同區民權里17鄰承德路二段172號,63,6300600,6300600-013,17鄰,承德路,2段,,,,,172號,121.51802599171,25.061152907061
臺北市大同區民權里17鄰承德路二段176號,63,6300600,6300600-013,17鄰,承德路,2段,,,,,176號,121.5180262006,25.061202587802
臺北市大同區民權里17鄰承德路二段178號,63,6300600,6300600-013,17鄰,承德路,2段,,,,,178號,121.51802436855,25.061266612238
臺北市大同區民權里17鄰承德路二段180號,63,6300600,6300600-013,17鄰,承德路,2段,,,,,180號,121.51802249821,25.061319171158
臺北市大同區民權里17鄰承德路二段182號,63,6300600,6300600-013,17鄰,承德路,2段,,,,,182號,121.51802476227,25.061360250007
臺北市大同區民權里17鄰承德路二段186號,63,6300600,6300600-013,17鄰,承德路,2段,,,,,186號,121.51802078665,25.061411850267
臺北市大同區民權里19鄰承德路二段200之1號,63,6300600,6300600-013,19鄰,承德路,2段,,,,,200之1號,121.51796205257,25.062060586522
臺北市大同區民權里19鄰承德路二段206號,63,6300600,6300600-013,19鄰,承德路,2段,,,,,206號,121.51803151913,25.062366106834
臺北市大同區民權里19鄰承德路二段208號,63,6300600,6300600-013,19鄰,承德路,2段,,,,,208號,121.51803025397,25.062480090614
臺北市大同區民權里17鄰承德路二段235號,63,6300600,6300600-013,17鄰,承德路,2段,,,,,235號,121.51852720567,25.061274896463
臺北市大同區民權里17鄰承德路二段235之1號,63,6300600,6300600-013,17鄰,承德路,2段,,,,,235之1號,121.52002854254,25.060466419133
臺北市大同區民權里17鄰承德路二段239號,63,6300600,6300600-013,17鄰,承德路,2段,,,,,239號,121.51851236195,25.062495687651
臺北市大同區蓬萊里1鄰承德路三段1號,63,6300600,6300600-016,1鄰,承德路,3段,,,,,1號,121.51850901525,25.063356056123
臺北市大同區蓬萊里2鄰承德路三段51巷1號,63,6300600,6300600-016,2鄰,承德路,3段,51巷,,,,1號,121.51879505608,25.065142144561
臺北市大同區蓬萊里8鄰承德路三段24巷38弄1號,63,6300600,6300600-016,8鄰,承德路,3段,24巷,38弄,,,1號,121.51632041247,25.064188604209
臺北市大同區蓬萊里4鄰承德路三段24巷2號,63,6300600,6300600-016,4鄰,承德路,3段,24巷,,,,2號,121.5178538867,25.064116537499
臺北市大同區蓬萊里4鄰承德路三段8巷1弄2號,63,6300600,6300600-016,4鄰,承德路,3段,8巷,1弄,,,2號,121.51743321577,25.063855603268
臺北市大同區蓬萊里3鄰承德路三段2號,63,6300600,6300600-016,3鄰,承德路,3段,,,,,2號,121.51806854539,25.063275040922
臺北市大同區蓬萊里3鄰承德路三段8巷2號,63,6300600,6300600-016,3鄰,承德路,3段,8巷,,,,2號,121.51736253044,25.063620839943
臺北市大同區蓬萊里2鄰承德路三段51巷2號,63,6300600,6300600-016,2鄰,承德路,3段,51巷,,,,2號,121.51885257331,25.06503596313
臺北市大同區蓬萊里4鄰承德路三段8巷3號,63,6300600,6300600-016,4鄰,承德路,3段,8巷,,,,3號,121.51743374832,25.063734616279
臺北市大同區蓬萊里8鄰承德路三段24巷38弄3號,63,6300600,6300600-016,8鄰,承德路,3段,24巷,38弄,,,3號,121.51631981222,25.064158903953
臺北市大同區蓬萊里1鄰承德路三段3號,63,6300600,6300600-016,1鄰,承德路,3段,,,,,3號,121.51851046618,25.063401705991
臺北市大同區蓬萊里2鄰承德路三段51巷3號,63,6300600,6300600-016,2鄰,承德路,3段,51巷,,,,3號,121.51885407034,25.065141938349
臺北市大同區蓬萊里3鄰承德路三段8巷4號,63,6300600,6300600-016,3鄰,承德路,3段,8巷,,,,4號,121.51726111286,25.063623007916
臺北市大同區蓬萊里2鄰承德路三段51巷4號,63,6300600,6300600-016,2鄰,承德路,3段,51巷,,,,4號,121.51888027866,25.064584589456
臺北市大同區蓬萊里4鄰承德路三段24巷4號,63,6300600,6300600-016,4鄰,承德路,3段,24巷,,,,4號,121.51780785008,25.064126809485
臺北市大同區蓬萊里4鄰承德路三段24巷5號,63,6300600,6300600-016,4鄰,承德路,3段,24巷,,,,5號,121.51791447386,25.064268954676
臺北市大同區蓬萊里4鄰承德路三段8巷5號,63,6300600,6300600-016,4鄰,承德路,3段,8巷,,,,5號,121.51738123079,25.063735747227
臺北市大同區蓬萊里8鄰承德路三段24巷38弄5號,63,6300600,6300600-016,8鄰,承德路,3段,24巷,38弄,,,5號,121.51631923947,25.064131036298
臺北市大同區蓬萊里2鄰承德路三段51巷5號,63,6300600,6300600-016,2鄰,承德路,3段,51巷,,,,5號,121.51889655275,25.065139641211
臺北市大同區蓬萊里1鄰承德路三段5號,63,6300600,6300600-016,1鄰,承德路,3段,,,,,5號,121.51851204296,25.063451354853
臺北市大同區蓬萊里3鄰承德路三段8巷6號,63,6300600,6300600-016,3鄰,承德路,3段,8巷,,,,6號,121.517206633,25.063624172722
臺北市大同區蓬萊里2鄰承德路三段51巷6號,63,6300600,6300600-016,2鄰,承德路,3段,51巷,,,,6號,121.51887528738,25.06453383306
臺北市大同區蓬萊里4鄰承德路三段24巷6號,63,6300600,6300600-016,4鄰,承德路,3段,24巷,,,,6號,121.5177174788,25.064120732739
臺北市大同區蓬萊里4鄰承德路三段24巷6之1號,63,6300600,6300600-016,4鄰,承德路,3段,24巷,,,,6之1號,121.51771524306,25.064102892046
臺北市大同區蓬萊里4鄰承德路三段8巷7號,63,6300600,6300600-016,4鄰,承德路,3段,8巷,,,,7號,121.51731762306,25.063737124441
臺北市大同區蓬萊里8鄰承德路三段24巷38弄7號,63,6300600,6300600-016,8鄰,承德路,3段,24巷,38弄,,,7號,121.51631837708,25.064088453899
臺北市大同區蓬萊里2鄰承德路三段51巷7號,63,6300600,6300600-016,2鄰,承德路,3段,51巷,,,,7號,121.51896108966,25.065339829658
臺北市大同區蓬萊里1鄰承德路三段7號,63,6300600,6300600-016,1鄰,承德路,3段,,,,,7號,121.51851460267,25.063560269542
臺北市大同區蓬萊里2鄰承德路三段51巷8號,63,6300600,6300600-016,2鄰,承德路,3段,51巷,,,,8號,121.51887056529,25.064485802197
臺北市大同區蓬萊里4鄰承德路三段24巷8號,63,6300600,6300600-016,4鄰,承德路,3段,24巷,,,,8號,121.5176871273,25.064120332991
臺北市大同區蓬萊里7鄰承德路三段8巷8號,63,6300600,6300600-016,7鄰,承德路,3段,8巷,,,,8號,121.51696648205,25.063631319644
臺北市大同區蓬萊里4鄰承德路三段8巷9號,63,6300600,6300600-016,4鄰,承德路,3段,8巷,,,,9號,121.5172743028,25.063738060803
臺北市大同區蓬萊里5鄰承德路三段28巷3弄9號,63,6300600,6300600-016,5鄰,承德路,3段,28巷,3弄,,,9號,121.51782598574,25.064765120813
臺北市大同區蓬萊里8鄰承德路三段24巷38弄9號,63,6300600,6300600-016,8鄰,承德路,3段,24巷,38弄,,,9號,121.51631735323,25.064038089867
臺北市大同區蓬萊里2鄰承德路三段51巷9號,63,6300600,6300600-016,2鄰,承德路,3段,51巷,,,,9號,121.51896327232,25.065396780086
臺北市大同區蓬萊里1鄰承德路三段9號,63,6300600,6300600-016,1鄰,承德路,3段,,,,,9號,121.5185965935,25.063598199013
臺北市大同區蓬萊里1鄰承德路三段9之1號,63,6300600,6300600-016,1鄰,承德路,3段,,,,,9之1號,121.51863228754,25.063605721117
臺北市大同區蓬萊里2鄰承德路三段51巷10號,63,6300600,6300600-016,2鄰,承德路,3段,51巷,,,,10號,121.51886467253,25.064425750042
臺北市大同區蓬萊里7鄰承德路三段8巷10號,63,6300600,6300600-016,7鄰,承德路,3段,8巷,,,,10號,121.51688729571,25.063633310651
臺北市大同區蓬萊里4鄰承德路三段24巷10號,63,6300600,6300600-016,4鄰,承德路,3段,24巷,,,,10號,121.51762548203,25.064121739609
臺北市大同區蓬萊里4鄰承德路三段10號,63,6300600,6300600-016,4鄰,承德路,3段,,,,,10號,121.51807869099,25.063799671652
臺北市大同區蓬萊里1鄰承德路三段11號,63,6300600,6300600-016,1鄰,承德路,3段,,,,,11號,121.51859669003,25.063621129965
臺北市大同區蓬萊里5鄰承德路三段28巷3弄11號,63,6300600,6300600-016,5鄰,承德路,3段,28巷,3弄,,,11號,121.51782667961,25.064842940322
臺北市大同區蓬萊里4鄰承德路三段8巷11號,63,6300600,6300600-016,4鄰,承德路,3段,8巷,,,,11號,121.5172165636,25.063739625175
臺北市大同區蓬萊里8鄰承德路三段24巷38弄11號,63,6300600,6300600-016,8鄰,承德路,3段,24巷,38弄,,,11號,121.51631660362,25.064001131562
臺北市大同區蓬萊里2鄰承德路三段51巷11號,63,6300600,6300600-016,2鄰,承德路,3段,51巷,,,,11號,121.51896509943,25.06544462244
臺北市大同區蓬萊里2鄰承德路三段51巷12號,63,6300600,6300600-016,2鄰,承德路,3段,51巷,,,,12號,121.51886145179,25.064392944279
臺北市大同區蓬萊里7鄰承德路三段8巷12號,63,6300600,6300600-016,7鄰,承德路,3段,8巷,,,,12號,121.5168254134,25.063634862208
臺北市大同區蓬萊里4鄰承德路三段12號,63,6300600,6300600-016,4鄰,承德路,3段,,,,,12號,121.51809224803,25.063909911214
臺北市大同區蓬萊里4鄰承德路三段24巷12號,63,6300600,6300600-016,4鄰,承德路,3段,24巷,,,,12號,121.5175759057,25.064122291607
臺北市大同區蓬萊里4鄰承德路三段24巷12之1號,63,6300600,6300600-016,4鄰,承德路,3段,24巷,,,,12之1號,121.51760015648,25.064121502883
臺北市大同區蓬萊里5鄰承德路三段28巷3弄13號,63,6300600,6300600-016,5鄰,承德路,3段,28巷,3弄,,,13號,121.51782712341,25.064894281385
臺北市大同區蓬萊里4鄰承德路三段8巷13號,63,6300600,6300600-016,4鄰,承德路,3段,8巷,,,,13號,121.51716256814,25.06374049938
臺北市大同區蓬萊里8鄰承德路三段24巷38弄13號,63,6300600,6300600-016,8鄰,承德路,3段,24巷,38弄,,,13號,121.51631574066,25.063958413743
臺北市大同區蓬萊里2鄰承德路三段51巷13號,63,6300600,6300600-016,2鄰,承德路,3段,51巷,,,,13號,121.51896700262,25.065494053467
臺北市大同區蓬萊里2鄰承德路三段51巷14號,63,6300600,6300600-016,2鄰,承德路,3段,51巷,,,,14號,121.51885571452,25.064334507603
臺北市大同區蓬萊里7鄰承德路三段8巷14號,63,6300600,6300600-016,7鄰,承德路,3段,8巷,,,,14號,121.516742124,25.063636948671
臺北市大同區蓬萊里4鄰承德路三段14號,63,6300600,6300600-016,4鄰,承德路,3段,,,,,14號,121.51809305058,25.063947546424
臺北市大同區蓬萊里4鄰承德路三段24巷14號,63,6300600,6300600-016,4鄰,承德路,3段,24巷,,,,14號,121.51752402501,25.064124052352
臺北市大同區蓬萊里4鄰承德路三段24巷14之1號,63,6300600,6300600-016,4鄰,承德路,3段,24巷,,,,14之1號,121.51754909382,25.064122159362
臺北市大同區蓬萊里5鄰承德路三段28巷3弄15號,63,6300600,6300600-016,5鄰,承德路,3段,28巷,3弄,,,15號,121.51782737746,25.064924064088
臺北市大同區蓬萊里8鄰承德路三段24巷38弄15號,63,6300600,6300600-016,8鄰,承德路,3段,24巷,38弄,,,15號,121.51631480258,25.063911958565
臺北市大同區蓬萊里2鄰承德路三段51巷15號,63,6300600,6300600-016,2鄰,承德路,3段,51巷,,,,15號,121.51901553344,25.065558109479
臺北市大同區蓬萊里1鄰承德路三段15號,63,6300600,6300600-016,1鄰,承德路,3段,,,,,15號,121.51851866787,25.063774888604
臺北市大同區蓬萊里7鄰承德路三段8巷16號,63,6300600,6300600-016,7鄰,承德路,3段,8巷,,,,16號,121.5166822139,25.063638448165
臺北市大同區蓬萊里4鄰承德路三段24巷16號,63,6300600,6300600-016,4鄰,承德路,3段,24巷,,,,16號,121.5174908087,25.064123581297
臺北市大同區蓬萊里4鄰承德路三段16號,63,6300600,6300600-016,4鄰,承德路,3段,,,,,16號,121.51809382779,25.063983872653
臺北市大同區蓬萊里5鄰承德路三段28巷3弄17號,63,6300600,6300600-016,5鄰,承德路,3段,28巷,3弄,,,17號,121.51782793644,25.064988657949
臺北市大同區蓬萊里7鄰承德路三段8巷17號,63,6300600,6300600-016,7鄰,承德路,3段,8巷,,,,17號,121.51697762063,25.063765419899
臺北市大同區蓬萊里8鄰承德路三段24巷38弄17號,63,6300600,6300600-016,8鄰,承德路,3段,24巷,38弄,,,17號,121.51631389192,25.063867317933
臺北市大同區蓬萊里2鄰承德路三段51巷17號,63,6300600,6300600-016,2鄰,承德路,3段,51巷,,,,17號,121.51901745884,25.065598692924
臺北市大同區蓬萊里1鄰承德路三段17號,63,6300600,6300600-016,1鄰,承德路,3段,,,,,17號,121.51851970928,25.063836275819
臺北市大同區蓬萊里1鄰承德路三段51巷18號,63,6300600,6300600-016,1鄰,承德路,3段,51巷,,,,18號,121.51884693887,25.064030048694
臺北市大同區蓬萊里7鄰承德路三段8巷18號,63,6300600,6300600-016,7鄰,承德路,3段,8巷,,,,18號,121.51657527762,25.063641131416
臺北市大同區蓬萊里4鄰承德路三段24巷18號,63,6300600,6300600-016,4鄰,承德路,3段,24巷,,,,18號,121.51742335372,25.06407273557
臺北市大同區蓬萊里4鄰承德路三段18號,63,6300600,6300600-016,4鄰,承德路,3段,,,,,18號,121.51809491473,25.064034922577
臺北市大同區蓬萊里4鄰承德路三段24巷18之1號,63,6300600,6300600-016,4鄰,承德路,3段,24巷,,,,18之1號,121.51736473432,25.064074799612
臺北市大同區蓬萊里5鄰承德路三段28巷3弄19號,63,6300600,6300600-016,5鄰,承德路,3段,28巷,3弄,,,19號,121.51782825807,25.065025085073
臺北市大同區蓬萊里7鄰承德路三段8巷19號,63,6300600,6300600-016,7鄰,承德路,3段,8巷,,,,19號,121.51691354798,25.06376702426
臺北市大同區蓬萊里8鄰承德路三段24巷38弄19號,63,6300600,6300600-016,8鄰,承德路,3段,24巷,38弄,,,19號,121.51631302931,25.063824681365
臺北市大同區蓬萊里2鄰承德路三段51巷19號,63,6300600,6300600-016,2鄰,承德路,3段,51巷,,,,19號,121.51902008079,25.065654034818
臺北市大同區蓬萊里1鄰承德路三段19號,63,6300600,6300600-016,1鄰,承德路,3段,,,,,19號,121.51852032808,25.063872611626
臺北市大同區蓬萊里1鄰承德路三段51巷20號,63,6300600,6300600-016,1鄰,承德路,3段,51巷,,,,20號,121.51884642522,25.063995166042
臺北市大同區蓬萊里7鄰承德路三段8巷20號,63,6300600,6300600-016,7鄰,承德路,3段,8巷,,,,20號,121.51650266203,25.063642954909
臺北市大同區蓬萊里4鄰承德路三段24巷20號,63,6300600,6300600-016,4鄰,承德路,3段,24巷,,,,20號,121.51727412435,25.06407795914
臺北市大同區蓬萊里4鄰承德路三段20號,63,6300600,6300600-016,4鄰,承德路,3段,,,,,20號,121.51809595086,25.064083318427
臺北市大同區蓬萊里5鄰承德路三段28巷3弄21號,63,6300600,6300600-016,5鄰,承德路,3段,28巷,3弄,,,21號,121.51782883368,25.065091276842
臺北市大同區蓬萊里7鄰承德路三段8巷21號,63,6300600,6300600-016,7鄰,承德路,3段,8巷,,,,21號,121.51680679991,25.063769707024
臺北市大同區蓬萊里8鄰承德路三段24巷38弄21號,63,6300600,6300600-016,8鄰,承德路,3段,24巷,38弄,,,21號,121.51631207163,25.063778280423
臺北市大同區蓬萊里1鄰承德路三段21號,63,6300600,6300600-016,1鄰,承德路,3段,,,,,21號,121.51852101307,25.063912901494
臺北市大同區蓬萊里2鄰承德路三段51巷21號,63,6300600,6300600-016,2鄰,承德路,3段,51巷,,,,21號,121.51902256152,25.065706443084
臺北市大同區蓬萊里1鄰承德路三段51巷22號,63,6300600,6300600-016,1鄰,承德路,3段,51巷,,,,22號,121.51884618942,25.063979187189
臺北市大同區蓬萊里9鄰承德路三段24巷22號,63,6300600,6300600-016,9鄰,承德路,3段,24巷,,,,22號,121.51717778498,25.064140046708
臺北市大同區蓬萊里7鄰承德路三段8巷22號,63,6300600,6300600-016,7鄰,承德路,3段,8巷,,,,22號,121.51640232625,25.063645470627
臺北市大同區蓬萊里4鄰承德路三段22號,63,6300600,6300600-016,4鄰,承德路,3段,,,,,22號,121.51809698676,25.064131660109
臺北市大同區蓬萊里7鄰承德路三段8巷23號,63,6300600,6300600-016,7鄰,承德路,3段,8巷,,,,23號,121.51670616669,25.063772223984
臺北市大同區蓬萊里1鄰承德路三段23號,63,6300600,6300600-016,1鄰,承德路,3段,,,,,23號,121.51852188224,25.063963979258
臺北市大同區蓬萊里2鄰承德路三段51巷23號,63,6300600,6300600-016,2鄰,承德路,3段,51巷,,,,23號,121.51902552175,25.065769141667
臺北市大同區蓬萊里1鄰承德路三段51巷24號,63,6300600,6300600-016,1鄰,承德路,3段,51巷,,,,24號,121.51884557024,25.06393807554
臺北市大同區蓬萊里7鄰承德路三段8巷24號,63,6300600,6300600-016,7鄰,承德路,3段,8巷,,,,24號,121.51633828089,25.0636512095
臺北市大同區蓬萊里9鄰承德路三段24巷24號,63,6300600,6300600-016,9鄰,承德路,3段,24巷,,,,24號,121.51695334352,25.06416617007
臺北市大同區蓬萊里7鄰承德路三段8巷25號,63,6300600,6300600-016,7鄰,承德路,3段,8巷,,,,25號,121.51664422483,25.063773775674
臺北市大同區蓬萊里1鄰承德路三段25號,63,6300600,6300600-016,1鄰,承德路,3段,,,,,25號,121.51852273569,25.064013675783
臺北市大同區蓬萊里7鄰承德路三段8巷26號,63,6300600,6300600-016,7鄰,承德路,3段,8巷,,,,26號,121.51624207902,25.06365153497
臺北市大同區蓬萊里4鄰承德路三段26號,63,6300600,6300600-016,4鄰,承德路,3段,,,,,26號,121.51795329467,25.064275165993
臺北市大同區蓬萊里9鄰承德路三段24巷26號,63,6300600,6300600-016,9鄰,承德路,3段,24巷,,,,26號,121.51687345391,25.064168353111
臺北市大同區蓬萊里7鄰承德路三段8巷27號,63,6300600,6300600-016,7鄰,承德路,3段,8巷,,,,27號,121.51654806135,25.063776186693
臺北市大同區蓬萊里2鄰承德路三段27號,63,6300600,6300600-016,2鄰,承德路,3段,,,,,27號,121.51852339528,25.064052638614
臺北市大同區蓬萊里9鄰承德路三段24巷28號,63,6300600,6300600-016,9鄰,承德路,3段,24巷,,,,28號,121.51681392076,25.06416998677
臺北市大同區蓬萊里2鄰承德路三段29號,63,6300600,6300600-016,2鄰,承德路,3段,,,,,29號,121.51852453041,25.064119803462
臺北市大同區蓬萊里9鄰承德路三段24巷30號,63,6300600,6300600-016,9鄰,承德路,3段,24巷,,,,30號,121.51669866011,25.064173141465
臺北市大同區蓬萊里5鄰承德路三段30號,63,6300600,6300600-016,5鄰,承德路,3段,,,,,30號,121.51809867919,25.064404446256
臺北市大同區蓬萊里2鄰承德路三段31號,63,6300600,6300600-016,2鄰,承德路,3段,,,,,31號,121.51852700417,25.064295417792
臺北市大同區蓬萊里9鄰承德路三段24巷32號,63,6300600,6300600-016,9鄰,承德路,3段,24巷,,,,32號,121.51660722461,25.064175644411
臺北市大同區蓬萊里5鄰承德路三段32號,63,6300600,6300600-016,5鄰,承德路,3段,,,,,32號,121.51809989422,25.064471809446
臺北市大同區蓬萊里2鄰承德路三段33號,63,6300600,6300600-016,2鄰,承德路,3段,,,,,33號,121.51852790931,25.06434326338
臺北市大同區蓬萊里9鄰承德路三段24巷34號,63,6300600,6300600-016,9鄰,承德路,3段,24巷,,,,34號,121.51651054635,25.064178282902
臺北市大同區蓬萊里5鄰承德路三段34號,63,6300600,6300600-016,5鄰,承德路,3段,,,,,34號,121.51810108947,25.064539181732
臺北市大同區蓬萊里2鄰承德路三段35號,63,6300600,6300600-016,2鄰,承德路,3段,,,,,35號,121.51852887734,25.0643942776
臺北市大同區蓬萊里9鄰承德路三段24巷36號,63,6300600,6300600-016,9鄰,承德路,3段,24巷,,,,36號,121.51638973009,25.064201526078
臺北市大同區蓬萊里5鄰承德路三段36號,63,6300600,6300600-016,5鄰,承德路,3段,,,,,36號,121.51810208554,25.064594547386
臺北市大同區蓬萊里2鄰承德路三段37號,63,6300600,6300600-016,2鄰,承德路,3段,,,,,37號,121.5185295536,25.064430134715
臺北市大同區蓬萊里5鄰承德路三段38號,63,6300600,6300600-016,5鄰,承德路,3段,,,,,38號,121.51810291502,25.064640939722
臺北市大同區蓬萊里2鄰承德路三段39號,63,6300600,6300600-016,2鄰,承德路,3段,,,,,39號,121.51853058346,25.064484064783
臺北市大同區蓬萊里5鄰承德路三段40號,63,6300600,6300600-016,5鄰,承德路,3段,,,,,40號,121.51810395373,25.064699374768
臺北市大同區蓬萊里2鄰承德路三段41號,63,6300600,6300600-016,2鄰,承德路,3段,,,,,41號,121.51853149851,25.064531910336
臺北市大同區蓬萊里5鄰承德路三段42號,63,6300600,6300600-016,5鄰,承德路,3段,,,,,42號,121.51810509392,25.06476308185
臺北市大同區蓬萊里2鄰承德路三段43號,63,6300600,6300600-016,2鄰,承德路,3段,,,,,43號,121.51853220121,25.064569338242
臺北市大同區蓬萊里5鄰承德路三段44號,63,6300600,6300600-016,5鄰,承德路,3段,,,,,44號,121.51810587085,25.064806404826
臺北市大同區蓬萊里2鄰承德路三段45號,63,6300600,6300600-016,2鄰,承德路,3段,,,,,45號,121.51853296597,25.064609736165
臺北市大同區蓬萊里5鄰承德路三段46號,63,6300600,6300600-016,5鄰,承德路,3段,,,,,46號,121.5181065861,25.064846848064
臺北市大同區蓬萊里5鄰承德路三段48號,63,6300600,6300600-016,5鄰,承德路,3段,,,,,48號,121.51810749408,25.064897763186
臺北市大同區蓬萊里2鄰承德路三段49號,63,6300600,6300600-016,2鄰,承德路,3段,,,,,49號,121.51853945448,25.064867862006
臺北市大同區蓬萊里5鄰承德路三段50號,63,6300600,6300600-016,5鄰,承德路,3段,,,,,50號,121.5181084019,25.064948642196
臺北市大同區蓬萊里5鄰承德路三段52號,63,6300600,6300600-016,5鄰,承德路,3段,,,,,52號,121.51810931979,25.064999557282
臺北市大同區蓬萊里2鄰承德路三段53號,63,6300600,6300600-016,2鄰,承德路,3段,,,,,53號,121.51857320767,25.065181821479
臺北市大同區蓬萊里5鄰承德路三段54號,63,6300600,6300600-016,5鄰,承德路,3段,,,,,54號,121.51811023753,25.065050436257
臺北市大同區蓬萊里2鄰承德路三段55號,63,6300600,6300600-016,2鄰,承德路,3段,,,,,55號,121.51855004681,25.065248493374
臺北市大同區蓬萊里5鄰承德路三段56號,63,6300600,6300600-016,5鄰,承德路,3段,,,,,56號,121.5181109785,25.065092278754
臺北市大同區蓬萊里2鄰承德路三段57號,63,6300600,6300600-016,2鄰,承德路,3段,,,,,57號,121.51855090279,25.065296429408
臺北市大同區蓬萊里5鄰承德路三段58號,63,6300600,6300600-016,5鄰,承德路,3段,,,,,58號,121.51809442625,25.065200808716
臺北市大同區蓬萊里2鄰承德路三段59號,63,6300600,6300600-016,2鄰,承德路,3段,,,,,59號,121.51855175866,25.065344338359
臺北市大同區蓬萊里5鄰承德路三段60號,63,6300600,6300600-016,5鄰,承德路,3段,,,,,60號,121.51810805183,25.065322585882
臺北市大同區蓬萊里2鄰承德路三段61號,63,6300600,6300600-016,2鄰,承德路,3段,,,,,61號,121.51855261441,25.065392220225
臺北市大同區蓬萊里5鄰承德路三段62號,63,6300600,6300600-016,5鄰,承德路,3段,,,,,62號,121.5181178086,25.065474232355
臺北市大同區蓬萊里2鄰承德路三段63號,63,6300600,6300600-016,2鄰,承德路,3段,,,,,63號,121.51855349629,25.065441600658
臺北市大同區蓬萊里5鄰承德路三段64號,63,6300600,6300600-016,5鄰,承德路,3段,,,,,64號,121.51811866418,25.065522114226
臺北市大同區蓬萊里2鄰承德路三段65號,63,6300600,6300600-016,2鄰,承德路,3段,,,,,65號,121.51855443029,25.065493942114
臺北市大同區蓬萊里5鄰承德路三段66號,63,6300600,6300600-016,5鄰,承德路,3段,,,,,66號,121.51811962454,25.065576053562
臺北市大同區蓬萊里2鄰承德路三段67號,63,6300600,6300600-016,2鄰,承德路,3段,,,,,67號,121.51855668443,25.065619713234
臺北市大同區蓬萊里5鄰承德路三段68號,63,6300600,6300600-016,5鄰,承德路,3段,,,,,68號,121.51812072488,25.065637350281
臺北市大同區蓬萊里5鄰承德路三段70號,63,6300600,6300600-016,5鄰,承德路,3段,,,,,70號,121.51812146005,25.065677811502
臺北市大同區蓬萊里5鄰承德路三段72號,63,6300600,6300600-016,5鄰,承德路,3段,,,,,72號,121.51812226342,25.065722705264
臺北市大同區蓬萊里2鄰承德路三段83號,63,6300600,6300600-016,2鄰,承德路,3段,,,,,83號,121.51856392468,25.06590568799
臺北市大同區蓬萊里2鄰承德路三段83之1號,63,6300600,6300600-016,2鄰,承德路,3段,,,,,83之1號,121.51856461949,25.065971843216
臺北市大同區斯文里12鄰承德路三段108巷28弄1號,63,6300600,6300600-020,12鄰,承德路,3段,108巷,28弄,,,1號,121.51746976162,25.067100135556
臺北市大同區斯文里12鄰承德路三段122巷1號,63,6300600,6300600-020,12鄰,承德路,3段,122巷,,,,1號,121.5179196308,25.067216338011
臺北市大同區斯文里13鄰承德路三段108巷1號,63,6300600,6300600-020,13鄰,承德路,3段,108巷,,,,1號,121.51792578885,25.066790318338
臺北市大同區斯文里14鄰承德路三段90巷1號,63,6300600,6300600-020,14鄰,承德路,3段,90巷,,,,1號,121.51791623955,25.066456972342
臺北市大同區斯文里15鄰承德路三段159巷1號,63,6300600,6300600-020,15鄰,承德路,3段,159巷,,,,1號,121.5188382453,25.068107856737
臺北市大同區斯文里15鄰承德路三段143巷1號,63,6300600,6300600-020,15鄰,承德路,3段,143巷,,,,1號,121.51884719677,25.067755117157
臺北市大同區斯文里16鄰承德路三段113巷1號,63,6300600,6300600-020,16鄰,承德路,3段,113巷,,,,1號,121.51884646255,25.066917270433
臺北市大同區斯文里16鄰承德路三段129巷1號,63,6300600,6300600-020,16鄰,承德路,3段,129巷,,,,1號,121.51884031988,25.067362655235
臺北市大同區斯文里17鄰承德路三段85巷1號,63,6300600,6300600-020,17鄰,承德路,3段,85巷,,,,1號,121.51879528407,25.066111748817
臺北市大同區斯文里17鄰承德路三段99巷1號,63,6300600,6300600-020,17鄰,承德路,3段,99巷,,,,1號,121.5188313745,25.066526173313
臺北市大同區斯文里17鄰承德路三段99巷2號,63,6300600,6300600-020,17鄰,承德路,3段,99巷,,,,2號,121.51875967445,25.066409221533
臺北市大同區斯文里17鄰承德路三段113巷2號,63,6300600,6300600-020,17鄰,承德路,3段,113巷,,,,2號,121.51884053228,25.066794220608
臺北市大同區斯文里16鄰承德路三段143巷2號,63,6300600,6300600-020,16鄰,承德路,3段,143巷,,,,2號,121.51884674086,25.067646890349
臺北市大同區斯文里16鄰承德路三段129巷2號,63,6300600,6300600-020,16鄰,承德路,3段,129巷,,,,2號,121.51882409947,25.067232202254
臺北市大同區斯文里15鄰承德路三段159巷2號,63,6300600,6300600-020,15鄰,承德路,3段,159巷,,,,2號,121.51883955401,25.068004399611
臺北市大同區斯文里14鄰承德路三段90巷2號,63,6300600,6300600-020,14鄰,承德路,3段,90巷,,,,2號,121.51791434331,25.066338377281
臺北市大同區斯文里12鄰承德路三段108巷2號,63,6300600,6300600-020,12鄰,承德路,3段,108巷,,,,2號,121.51793116878,25.066905280986
臺北市大同區斯文里11鄰承德路三段122巷2號,63,6300600,6300600-020,11鄰,承德路,3段,122巷,,,,2號,121.51793235434,25.067340438518
臺北市大同區斯文里14鄰承德路三段90巷2之1號,63,6300600,6300600-020,14鄰,承德路,3段,90巷,,,,2之1號,121.51779729313,25.066343082894
臺北市大同區斯文里17鄰承德路三段99巷3號,63,6300600,6300600-020,17鄰,承德路,3段,99巷,,,,3號,121.5188809789,25.06652499785
臺北市大同區斯文里17鄰承德路三段85巷3號,63,6300600,6300600-020,17鄰,承德路,3段,85巷,,,,3號,121.51885008917,25.066109887118
臺北市大同區斯文里15鄰承德路三段159巷3號,63,6300600,6300600-020,15鄰,承德路,3段,159巷,,,,3號,121.51887308576,25.068107734977
臺北市大同區斯文里16鄰承德路三段113巷3號,63,6300600,6300600-020,16鄰,承德路,3段,113巷,,,,3號,121.51890131116,25.066916239139
臺北市大同區斯文里16鄰承德路三段129巷3號,63,6300600,6300600-020,16鄰,承德路,3段,129巷,,,,3號,121.5188890729,25.06735929795
臺北市大同區斯文里14鄰承德路三段90巷3號,63,6300600,6300600-020,14鄰,承德路,3段,90巷,,,,3號,121.51783757622,25.06645883566
臺北市大同區斯文里15鄰承德路三段143巷3號,63,6300600,6300600-020,15鄰,承德路,3段,143巷,,,,3號,121.51889598993,25.0677565446
臺北市大同區斯文里12鄰承德路三段108巷28弄3號,63,6300600,6300600-020,12鄰,承德路,3段,108巷,28弄,,,3號,121.51753766753,25.06709512302
臺北市大同區斯文里13鄰承德路三段108巷3號,63,6300600,6300600-020,13鄰,承德路,3段,108巷,,,,3號,121.51789302139,25.066790685426
臺北市大同區斯文里12鄰承德路三段122巷3號,63,6300600,6300600-020,12鄰,承德路,3段,122巷,,,,3號,121.51786389637,25.067216532423
臺北市大同區斯文里13鄰承德路三段143巷3號,63,6300600,6300600-020,13鄰,承德路,3段,143巷,,,,3號,121.51889598993,25.0677565446
臺北市大同區斯文里12鄰承德路三段108巷4號,63,6300600,6300600-020,12鄰,承德路,3段,108巷,,,,4號,121.51789022296,25.066905423817
臺北市大同區斯文里11鄰承德路三段122巷4號,63,6300600,6300600-020,11鄰,承德路,3段,122巷,,,,4號,121.5178696352,25.06733906836
臺北市大同區斯文里16鄰承德路三段129巷4號,63,6300600,6300600-020,16鄰,承德路,3段,129巷,,,,4號,121.51886415333,25.067232062281
臺北市大同區斯文里16鄰承德路三段143巷4號,63,6300600,6300600-020,16鄰,承德路,3段,143巷,,,,4號,121.51889204177,25.067649918936
臺北市大同區斯文里17鄰承德路三段113巷4號,63,6300600,6300600-020,17鄰,承德路,3段,113巷,,,,4號,121.5188968689,25.066793491071
臺北市大同區斯文里15鄰承德路三段159巷4號,63,6300600,6300600-020,15鄰,承德路,3段,159巷,,,,4號,121.51888308369,25.068001060578
臺北市大同區斯文里17鄰承德路三段99巷4號,63,6300600,6300600-020,17鄰,承德路,3段,99巷,,,,4號,121.51882417581,25.066407894731
臺北市大同區斯文里17鄰承德路三段99巷5號,63,6300600,6300600-020,17鄰,承德路,3段,99巷,,,,5號,121.51894533077,25.066523463871
臺北市大同區斯文里17鄰承德路三段85巷5號,63,6300600,6300600-020,17鄰,承德路,3段,85巷,,,,5號,121.51890674489,25.066109689121
臺北市大同區斯文里15鄰承德路三段159巷5號,63,6300600,6300600-020,15鄰,承德路,3段,159巷,,,,5號,121.51890442384,25.068104447573
臺北市大同區斯文里16鄰承德路三段113巷5號,63,6300600,6300600-020,16鄰,承德路,3段,113巷,,,,5號,121.51895100594,25.066915307093
臺北市大同區斯文里16鄰承德路三段129巷5號,63,6300600,6300600-020,16鄰,承德路,3段,129巷,,,,5號,121.51892566438,25.067360768028
臺北市大同區斯文里15鄰承德路三段143巷5號,63,6300600,6300600-020,15鄰,承德路,3段,143巷,,,,5號,121.51894474983,25.067754785237
臺北市大同區斯文里14鄰承德路三段90巷5號,63,6300600,6300600-020,14鄰,承德路,3段,90巷,,,,5號,121.51776546409,25.066460558726
臺北市大同區斯文里12鄰承德路三段108巷28弄5號,63,6300600,6300600-020,12鄰,承德路,3段,108巷,28弄,,,5號,121.51757250772,25.06709500157
臺北市大同區斯文里12鄰承德路三段122巷5號,63,6300600,6300600-020,12鄰,承德路,3段,122巷,,,,5號,121.51782035353,25.067216684294
臺北市大同區斯文里13鄰承德路三段108巷5號,63,6300600,6300600-020,13鄰,承德路,3段,108巷,,,,5號,121.51784879627,25.066791191778
臺北市大同區斯文里12鄰承德路三段108巷6號,63,6300600,6300600-020,12鄰,承德路,3段,108巷,,,,6號,121.51785254804,25.066905555228
臺北市大同區斯文里11鄰承德路三段122巷6號,63,6300600,6300600-020,11鄰,承德路,3段,122巷,,,,6號,121.51782783681,25.067339214149
臺北市大同區斯文里14鄰承德路三段90巷6號,63,6300600,6300600-020,14鄰,承德路,3段,90巷,,,,6號,121.51772411161,25.066347409751
臺北市大同區斯文里16鄰承德路三段129巷6號,63,6300600,6300600-020,16鄰,承德路,3段,129巷,,,,6號,121.51890944065,25.067231904007
臺北市大同區斯文里17鄰承德路三段113巷6號,63,6300600,6300600-020,17鄰,承德路,3段,113巷,,,,6號,121.51896390987,25.066792624789
臺北市大同區斯文里16鄰承德路三段143巷6號,63,6300600,6300600-020,16鄰,承德路,3段,143巷,,,,6號,121.51894256942,25.067651331274
臺北市大同區斯文里15鄰承德路三段159巷6號,63,6300600,6300600-020,15鄰,承德路,3段,159巷,,,,6號,121.51892140994,25.068002524591
臺北市大同區斯文里17鄰承德路三段99巷6號,63,6300600,6300600-020,17鄰,承德路,3段,99巷,,,,6號,121.51887783443,25.066406786354
臺北市大同區斯文里17鄰承德路三段99巷7號,63,6300600,6300600-020,17鄰,承德路,3段,99巷,,,,7號,121.5190003267,25.066522152158
臺北市大同區斯文里17鄰承德路三段85巷7號,63,6300600,6300600-020,17鄰,承德路,3段,85巷,,,,7號,121.51897069855,25.066107795403
臺北市大同區斯文里15鄰承德路三段159巷7號,63,6300600,6300600-020,15鄰,承德路,3段,159巷,,,,7號,121.51895144607,25.068104283218
臺北市大同區斯文里16鄰承德路三段113巷7號,63,6300600,6300600-020,16鄰,承德路,3段,113巷,,,,7號,121.51900598343,25.066914284338
臺北市大同區斯文里16鄰承德路三段129巷7號,63,6300600,6300600-020,16鄰,承德路,3段,129巷,,,,7號,121.51896920053,25.067359017888
臺北市大同區斯文里14鄰承德路三段90巷7號,63,6300600,6300600-020,14鄰,承德路,3段,90巷,,,,7號,121.51769818851,25.066462165584
臺北市大同區斯文里15鄰承德路三段143巷7號,63,6300600,6300600-020,15鄰,承德路,3段,143巷,,,,7號,121.51898828616,25.067753044117
臺北市大同區斯文里12鄰承德路三段108巷28弄7號,63,6300600,6300600-020,12鄰,承德路,3段,108巷,28弄,,,7號,121.51763345897,25.06709320014
臺北市大同區斯文里13鄰承德路三段108巷7號,63,6300600,6300600-020,13鄰,承德路,3段,108巷,,,,7號,121.51782748654,25.066791437635
臺北市大同區斯文里12鄰承德路三段122巷7號,63,6300600,6300600-020,12鄰,承德路,3段,122巷,,,,7號,121.51778900897,25.067218382551
臺北市大同區斯文里12鄰承德路三段108巷8號,63,6300600,6300600-020,12鄰,承德路,3段,108巷,,,,8號,121.51781650858,25.066905680926
臺北市大同區斯文里11鄰承德路三段122巷8號,63,6300600,6300600-020,11鄰,承德路,3段,122巷,,,,8號,121.51777210904,25.067341006472
臺北市大同區斯文里14鄰承德路三段90巷8號,63,6300600,6300600-020,14鄰,承德路,3段,90巷,,,,8號,121.51769129649,25.066348201277
臺北市大同區斯文里16鄰承德路三段129巷8號,63,6300600,6300600-020,16鄰,承德路,3段,129巷,,,,8號,121.51896518178,25.067233298117
臺北市大同區斯文里16鄰承德路三段143巷8號,63,6300600,6300600-020,16鄰,承德路,3段,143巷,,,,8號,121.5189843411,25.06764482048
臺北市大同區斯文里17鄰承德路三段113巷8號,63,6300600,6300600-020,17鄰,承德路,3段,113巷,,,,8號,121.51904438084,25.066791585134
臺北市大同區斯文里15鄰承德路三段159巷8號,63,6300600,6300600-020,15鄰,承德路,3段,159巷,,,,8號,121.51896843214,25.068002360232
臺北市大同區斯文里17鄰承德路三段99巷8號,63,6300600,6300600-020,17鄰,承德路,3段,99巷,,,,8號,121.51894346567,25.066405437495
臺北市大同區斯文里17鄰承德路三段99巷9號,63,6300600,6300600-020,17鄰,承德路,3段,99巷,,,,9號,121.51906466865,25.066520618162
臺北市大同區斯文里17鄰承德路三段85巷9號,63,6300600,6300600-020,17鄰,承德路,3段,85巷,,,,9號,121.51902003235,25.066105952765
臺北市大同區斯文里15鄰承德路三段159巷9號,63,6300600,6300600-020,15鄰,承德路,3段,159巷,,,,9號,121.51901416238,25.068107241863
臺北市大同區斯文里16鄰承德路三段113巷9號,63,6300600,6300600-020,16鄰,承德路,3段,113巷,,,,9號,121.51906099062,25.066913252431
臺北市大同區斯文里14鄰承德路三段90巷9號,63,6300600,6300600-020,14鄰,承德路,3段,90巷,,,,9號,121.51765406489,25.066463213207
臺北市大同區斯文里15鄰承德路三段143巷9號,63,6300600,6300600-020,15鄰,承德路,3段,143巷,,,,9號,121.51905271009,25.067749641023
臺北市大同區斯文里12鄰承德路三段108巷28弄9號,63,6300600,6300600-020,12鄰,承德路,3段,108巷,28弄,,,9號,121.51767792062,25.067089984607
臺北市大同區斯文里12鄰承德路三段122巷9號,63,6300600,6300600-020,12鄰,承德路,3段,122巷,,,,9號,121.51773676351,25.067218564748
臺北市大同區斯文里13鄰承德路三段108巷9號,63,6300600,6300600-020,13鄰,承德路,3段,108巷,,,,9號,121.51780132014,25.066791727511
臺北市大同區斯文里12鄰承德路三段108巷10號,63,6300600,6300600-020,12鄰,承德路,3段,108巷,,,,10號,121.51778046915,25.066905815642
臺北市大同區斯文里11鄰承德路三段122巷10號,63,6300600,6300600-020,11鄰,承德路,3段,122巷,,,,10號,121.51771883569,25.06733954914
臺北市大同區斯文里15鄰承德路三段159巷10號,63,6300600,6300600-020,15鄰,承德路,3段,159巷,,,,10號,121.51901545082,25.067999008964
臺北市大同區斯文里14鄰承德路三段90巷10號,63,6300600,6300600-020,14鄰,承德路,3段,90巷,,,,10號,121.517635597,25.066349542041
臺北市大同區斯文里16鄰承德路三段129巷10號,63,6300600,6300600-020,16鄰,承德路,3段,129巷,,,,10號,121.51902090279,25.067229916432
臺北市大同區斯文里17鄰承德路三段113巷10號,63,6300600,6300600-020,17鄰,承德路,3段,113巷,,,,10號,121.5191154756,25.066790668499
臺北市大同區斯文里16鄰承德路三段143巷10號,63,6300600,6300600-020,16鄰,承德路,3段,143巷,,,,10號,121.51903311087,25.067643061053
臺北市大同區斯文里17鄰承德路三段99巷10號,63,6300600,6300600-020,17鄰,承德路,3段,99巷,,,,10號,121.51899448793,25.066404383432
臺北市大同區斯文里17鄰承德路三段99巷11號,63,6300600,6300600-020,17鄰,承德路,3段,99巷,,,,11號,121.51910628481,25.066519633056
臺北市大同區斯文里16鄰承德路三段113巷11號,63,6300600,6300600-020,16鄰,承德路,3段,113巷,,,,11號,121.51909458959,25.066912620365
臺北市大同區斯文里17鄰承德路三段85巷11號,63,6300600,6300600-020,17鄰,承德路,3段,85巷,,,,11號,121.51907484735,25.066104090947
臺北市大同區斯文里16鄰承德路三段129巷11號,63,6300600,6300600-020,16鄰,承德路,3段,129巷,,,,11號,121.51906673662,25.067357087983
臺北市大同區斯文里14鄰承德路三段90巷11號,63,6300600,6300600-020,14鄰,承德路,3段,90巷,,,,11號,121.51758530257,25.066464834225
臺北市大同區斯文里15鄰承德路三段159巷11號,63,6300600,6300600-020,15鄰,承德路,3段,159巷,,,,11號,121.51907336613,25.068102268068
臺北市大同區斯文里15鄰承德路三段143巷11號,63,6300600,6300600-020,15鄰,承德路,3段,143巷,,,,11號,121.51911019595,25.067751028977
臺北市大同區斯文里12鄰承德路三段122巷11號,63,6300600,6300600-020,12鄰,承德路,3段,122巷,,,,11號,121.51770367453,25.067220287125
臺北市大同區斯文里13鄰承德路三段108巷11號,63,6300600,6300600-020,13鄰,承德路,3段,108巷,,,,11號,121.51774886845,25.06679232572
臺北市大同區斯文里12鄰承德路三段108巷12號,63,6300600,6300600-020,12鄰,承德路,3段,108巷,,,,12號,121.51773787796,25.066905964169
臺北市大同區斯文里11鄰承德路三段122巷12號,63,6300600,6300600-020,11鄰,承德路,3段,122巷,,,,12號,121.51767858405,25.067339806859
臺北市大同區斯文里15鄰承德路三段159巷12號,63,6300600,6300600-020,15鄰,承德路,3段,159巷,,,,12號,121.51906598536,25.0680020192
臺北市大同區斯文里14鄰承德路三段90巷12號,63,6300600,6300600-020,14鄰,承德路,3段,90巷,,,,12號,121.51757822256,25.066350924736
臺北市大同區斯文里16鄰承德路三段129巷12號,63,6300600,6300600-020,16鄰,承德路,3段,129巷,,,,12號,121.51907316137,25.067228144799
臺北市大同區斯文里17鄰承德路三段113巷12號,63,6300600,6300600-020,17鄰,承德路,3段,113巷,,,,12號,121.51917182212,25.066789938824
臺北市大同區斯文里16鄰承德路三段143巷12號,63,6300600,6300600-020,16鄰,承德路,3段,143巷,,,,12號,121.51906967235,25.067639746327
臺北市大同區斯文里17鄰承德路三段99巷12號,63,6300600,6300600-020,17鄰,承德路,3段,99巷,,,,12號,121.51905343906,25.066403166211
臺北市大同區斯文里17鄰承德路三段99巷13號,63,6300600,6300600-020,17鄰,承德路,3段,99巷,,,,13號,121.51915854526,25.066518375989
臺北市大同區斯文里16鄰承德路三段113巷13號,63,6300600,6300600-020,16鄰,承德路,3段,113巷,,,,13號,121.51915088524,25.066911565864
臺北市大同區斯文里17鄰承德路三段85巷13號,63,6300600,6300600-020,17鄰,承德路,3段,85巷,,,,13號,121.51913148611,25.066102222733
臺北市大同區斯文里16鄰承德路三段129巷13號,63,6300600,6300600-020,16鄰,承德路,3段,129巷,,,,13號,121.5191120173,25.067355340731
臺北市大同區斯文里15鄰承德路三段159巷13號,63,6300600,6300600-020,15鄰,承德路,3段,159巷,,,,13號,121.51912737976,25.068105257091
臺北市大同區斯文里15鄰承德路三段143巷13號,63,6300600,6300600-020,15鄰,承德路,3段,143巷,,,,13號,121.51916941609,25.067747634999
臺北市大同區斯文里12鄰承德路三段122巷13號,63,6300600,6300600-020,12鄰,承德路,3段,122巷,,,,13號,121.51767754684,25.067220378228
臺北市大同區斯文里13鄰承德路三段108巷13號,63,6300600,6300600-020,13鄰,承德路,3段,108巷,,,,13號,121.51771937182,25.066792663307
臺北市大同區斯文里12鄰承德路三段108巷14號,63,6300600,6300600-020,12鄰,承德路,3段,108巷,,,,14號,121.51769692222,25.066906106981
臺北市大同區斯文里11鄰承德路三段122巷14號,63,6300600,6300600-020,11鄰,承德路,3段,122巷,,,,14號,121.51762522913,25.067340164418
臺北市大同區斯文里15鄰承德路三段159巷14號,63,6300600,6300600-020,15鄰,承德路,3段,159巷,,,,14號,121.51911996221,25.067998643572
臺北市大同區斯文里14鄰承德路三段90巷14號,63,6300600,6300600-020,14鄰,承德路,3段,90巷,,,,14號,121.51751538722,25.066352443807
臺北市大同區斯文里16鄰承德路三段129巷14號,63,6300600,6300600-020,16鄰,承德路,3段,129巷,,,,14號,121.51914804874,25.067226294024
臺北市大同區斯文里17鄰承德路三段113巷14號,63,6300600,6300600-020,17鄰,承德路,3段,113巷,,,,14號,121.51922822815,25.066789217946
臺北市大同區斯文里16鄰承德路三段143巷14號,63,6300600,6300600-020,16鄰,承德路,3段,143巷,,,,14號,121.51910449611,25.067638044663
臺北市大同區斯文里17鄰承德路三段99巷14號,63,6300600,6300600-020,17鄰,承德路,3段,99巷,,,,14號,121.51912593864,25.066401666867
臺北市大同區斯文里17鄰承德路三段99巷15號,63,6300600,6300600-020,17鄰,承德路,3段,99巷,,,,15號,121.51919742594,25.066517445562
臺北市大同區斯文里16鄰承德路三段113巷15號,63,6300600,6300600-020,16鄰,承德路,3段,113巷,,,,15號,121.51920339479,25.06691057875
臺北市大同區斯文里16鄰承德路三段129巷15號,63,6300600,6300600-020,16鄰,承德路,3段,129巷,,,,15號,121.51916078374,25.067355170215
臺北市大同區斯文里15鄰承德路三段159巷15號,63,6300600,6300600-020,15鄰,承德路,3段,159巷,,,,15號,121.51921097038,25.068103384873
臺北市大同區斯文里15鄰承德路三段143巷15號,63,6300600,6300600-020,15鄰,承德路,3段,143巷,,,,15號,121.51921644492,25.067749068505
臺北市大同區斯文里12鄰承德路三段122巷15號,63,6300600,6300600-020,12鄰,承德路,3段,122巷,,,,15號,121.51764969126,25.06722206429
臺北市大同區斯文里13鄰承德路三段108巷15號,63,6300600,6300600-020,13鄰,承德路,3段,108巷,,,,15號,121.5176915403,25.066792977026
臺北市大同區斯文里12鄰承德路三段108巷16號,63,6300600,6300600-020,12鄰,承德路,3段,108巷,,,,16號,121.51763905581,25.066896621629
臺北市大同區斯文里11鄰承德路三段122巷16號,63,6300600,6300600-020,11鄰,承德路,3段,122巷,,,,16號,121.51757486841,25.067343066463
臺北市大同區斯文里15鄰承德路三段159巷16號,63,6300600,6300600-020,15鄰,承德路,3段,159巷,,,,16號,121.5191704801,25.068000055864
臺北市大同區斯文里14鄰承德路三段90巷16號,63,6300600,6300600-020,14鄰,承德路,3段,90巷,,,,16號,121.51743925141,25.066354289075
臺北市大同區斯文里16鄰承德路三段129巷16號,63,6300600,6300600-020,16鄰,承德路,3段,129巷,,,,16號,121.5192717092,25.067225861574
臺北市大同區斯文里16鄰承德路三段143巷16號,63,6300600,6300600-020,16鄰,承德路,3段,143巷,,,,16號,121.51916023073,25.067637849782
臺北市大同區斯文里16鄰承德路三段113巷17號,63,6300600,6300600-020,16鄰,承德路,3段,113巷,,,,17號,121.51926084014,25.066909502131
臺北市大同區斯文里16鄰承德路三段129巷17號,63,6300600,6300600-020,16鄰,承德路,3段,129巷,,,,17號,121.51922696534,25.067354938779
臺北市大同區斯文里15鄰承德路三段143巷17號,63,6300600,6300600-020,15鄰,承德路,3段,143巷,,,,17號,121.51926694928,25.067747293908
臺北市大同區斯文里12鄰承德路三段122巷17號,63,6300600,6300600-020,12鄰,承德路,3段,122巷,,,,17號,121.51758697218,25.067220694012
臺北市大同區斯文里13鄰承德路三段108巷17號,63,6300600,6300600-020,13鄰,承德路,3段,108巷,,,,17號,121.51763416262,25.06679363751
臺北市大同區斯文里12鄰承德路三段108巷18號,63,6300600,6300600-020,12鄰,承德路,3段,108巷,,,,18號,121.51759013095,25.066896792195
臺北市大同區斯文里15鄰承德路三段159巷18號,63,6300600,6300600-020,15鄰,承德路,3段,159巷,,,,18號,121.51921750229,25.067999891426
臺北市大同區斯文里14鄰承德路三段90巷18號,63,6300600,6300600-020,14鄰,承德路,3段,90巷,,,,18號,121.51736504817,25.066356073402
臺北市大同區斯文里16鄰承德路三段143巷18號,63,6300600,6300600-020,16鄰,承德路,3段,143巷,,,,18號,121.51920204582,25.067639292496
臺北市大同區斯文里16鄰承德路三段129巷19號,63,6300600,6300600-020,16鄰,承德路,3段,129巷,,,,19號,121.51927746957,25.067353173209
臺北市大同區斯文里15鄰承德路三段159巷19號,63,6300600,6300600-020,15鄰,承德路,3段,159巷,,,,19號,121.51926932966,25.068074444453
臺北市大同區斯文里15鄰承德路三段143巷19號,63,6300600,6300600-020,15鄰,承德路,3段,143巷,,,,19號,121.51932093275,25.067745516152
臺北市大同區斯文里12鄰承德路三段122巷19號,63,6300600,6300600-020,12鄰,承德路,3段,122巷,,,,19號,121.51755562762,25.067222392219
臺北市大同區斯文里13鄰承德路三段108巷19號,63,6300600,6300600-020,13鄰,承德路,3段,108巷,,,,19號,121.51754575878,25.066713695237
臺北市大同區斯文里13鄰承德路三段90巷19號,63,6300600,6300600-020,13鄰,承德路,3段,90巷,,,,19號,121.51727442371,25.066469474697
臺北市大同區斯文里12鄰承德路三段108巷20號,63,6300600,6300600-020,12鄰,承德路,3段,108巷,,,,20號,121.51754483383,25.0668969501
臺北市大同區斯文里14鄰承德路三段90巷20號,63,6300600,6300600-020,14鄰,承德路,3段,90巷,,,,20號,121.51731498269,25.066332413759
臺北市大同區斯文里15鄰承德路三段159巷20號,63,6300600,6300600-020,15鄰,承德路,3段,159巷,,,,20號,121.51931431418,25.068009447578
臺北市大同區斯文里16鄰承德路三段143巷20號,63,6300600,6300600-020,16鄰,承德路,3段,143巷,,,,20號,121.51925951823,25.067637502562
臺北市大同區斯文里16鄰承德路三段129巷21號,63,6300600,6300600-020,16鄰,承德路,3段,129巷,,,,21號,121.51932797697,25.067349809643
臺北市大同區斯文里15鄰承德路三段159巷21號,63,6300600,6300600-020,15鄰,承德路,3段,159巷,,,,21號,121.51930658593,25.06807367315
臺北市大同區斯文里15鄰承德路三段143巷21號,63,6300600,6300600-020,15鄰,承德路,3段,143巷,,,,21號,121.51937318833,25.067745333359
臺北市大同區斯文里12鄰承德路三段122巷21號,63,6300600,6300600-020,12鄰,承德路,3段,122巷,,,,21號,121.51751732172,25.067225712652
臺北市大同區斯文里13鄰承德路三段90巷21號,63,6300600,6300600-020,13鄰,承德路,3段,90巷,,,,21號,121.51721567777,25.066472360689
臺北市大同區斯文里13鄰承德路三段108巷21號,63,6300600,6300600-020,13鄰,承德路,3段,108巷,,,,21號,121.51750649748,25.066805710695
臺北市大同區斯文里12鄰承德路三段108巷22號,63,6300600,6300600-020,12鄰,承德路,3段,108巷,,,,22號,121.51750315453,25.066897095381
臺北市大同區斯文里14鄰承德路三段90巷22號,63,6300600,6300600-020,14鄰,承德路,3段,90巷,,,,22號,121.51723273597,25.066335390665
臺北市大同區斯文里15鄰承德路三段159巷22號,63,6300600,6300600-020,15鄰,承德路,3段,159巷,,,,22號,121.51935857751,25.068008498276
臺北市大同區斯文里16鄰承德路三段143巷22號,63,6300600,6300600-020,16鄰,承德路,3段,143巷,,,,22號,121.51931278206,25.067622564413
臺北市大同區斯文里15鄰承德路三段159巷23號,63,6300600,6300600-020,15鄰,承德路,3段,159巷,,,,23號,121.51934483331,25.068072880314
臺北市大同區斯文里12鄰承德路三段108巷24號,63,6300600,6300600-020,12鄰,承德路,3段,108巷,,,,24號,121.51746691683,25.066897221684
臺北市大同區斯文里13鄰承德路三段108巷25號,63,6300600,6300600-020,13鄰,承德路,3段,108巷,,,,25號,121.51743769285,25.066806744971
臺北市大同區斯文里15鄰承德路三段159巷25號,63,6300600,6300600-020,15鄰,承德路,3段,159巷,,,,25號,121.51938509266,25.068072044318
臺北市大同區斯文里12鄰承德路三段108巷26號,63,6300600,6300600-020,12鄰,承德路,3段,108巷,,,,26號,121.51739987316,25.066897464364
臺北市大同區斯文里13鄰承德路三段108巷27號,63,6300600,6300600-020,13鄰,承德路,3段,108巷,,,,27號,121.51738856223,25.066807475928
臺北市大同區斯文里15鄰承德路三段159巷27號,63,6300600,6300600-020,15鄰,承德路,3段,159巷,,,,27號,121.51942131815,25.068071294649
臺北市大同區斯文里13鄰承德路三段108巷29號,63,6300600,6300600-020,13鄰,承德路,3段,108巷,,,,29號,121.51734763827,25.066808097019
臺北市大同區斯文里14鄰承德路三段74號,63,6300600,6300600-020,14鄰,承德路,3段,,,,,74號,121.51812543856,25.065949713892
臺北市大同區斯文里14鄰承德路三段76號,63,6300600,6300600-020,14鄰,承德路,3段,,,,,76號,121.51812556319,25.065979343564
臺北市大同區斯文里14鄰承德路三段78號,63,6300600,6300600-020,14鄰,承德路,3段,,,,,78號,121.51812866561,25.066017042962
臺北市大同區斯文里14鄰承德路三段80號,63,6300600,6300600-020,14鄰,承德路,3段,,,,,80號,121.5181318799,25.066078982321
臺北市大同區斯文里14鄰承德路三段82號,63,6300600,6300600-020,14鄰,承德路,3段,,,,,82號,121.51813208387,25.066127471342
臺北市大同區斯文里14鄰承德路三段84號,63,6300600,6300600-020,14鄰,承德路,3段,,,,,84號,121.51813233318,25.066186739712
臺北市大同區斯文里14鄰承德路三段86號,63,6300600,6300600-020,14鄰,承德路,3段,,,,,86號,121.51812959471,25.066237920335
臺北市大同區斯文里17鄰承德路三段87號,63,6300600,6300600-020,17鄰,承德路,3段,,,,,87號,121.51856756076,25.066131331746
臺北市大同區斯文里14鄰承德路三段88號,63,6300600,6300600-020,14鄰,承德路,3段,,,,,88號,121.51813286567,25.066313329367
臺北市大同區斯文里17鄰承德路三段89號,63,6300600,6300600-020,17鄰,承德路,3段,,,,,89號,121.51856818996,25.066188964707
臺北市大同區斯文里17鄰承德路三段91號,63,6300600,6300600-020,17鄰,承德路,3段,,,,,91號,121.51856871313,25.066235538659
臺北市大同區斯文里14鄰承德路三段92號,63,6300600,6300600-020,14鄰,承德路,3段,,,,,92號,121.51813772378,25.066462076848
臺北市大同區斯文里17鄰承德路三段93號,63,6300600,6300600-020,17鄰,承德路,3段,,,,,93號,121.51856942275,25.066300502126
臺北市大同區斯文里14鄰承德路三段94號,63,6300600,6300600-020,14鄰,承德路,3段,,,,,94號,121.51813881006,25.0665011736
臺北市大同區斯文里17鄰承德路三段95號,63,6300600,6300600-020,17鄰,承德路,3段,,,,,95號,121.51856989077,25.066343392821
臺北市大同區斯文里14鄰承德路三段96號,63,6300600,6300600-020,14鄰,承德路,3段,,,,,96號,121.51814020098,25.066551427976
臺北市大同區斯文里17鄰承德路三段97號,63,6300600,6300600-020,17鄰,承德路,3段,,,,,97號,121.51857055511,25.066404663967
臺北市大同區斯文里14鄰承德路三段98號,63,6300600,6300600-020,14鄰,承德路,3段,,,,,98號,121.51814145246,25.066596807684
臺北市大同區斯文里14鄰承德路三段100號,63,6300600,6300600-020,14鄰,承德路,3段,,,,,100號,121.51814273872,25.066643388003
臺北市大同區斯文里17鄰承德路三段101號,63,6300600,6300600-020,17鄰,承德路,3段,,,,,101號,121.51858067578,25.066541349608
臺北市大同區斯文里14鄰承德路三段102號,63,6300600,6300600-020,14鄰,承德路,3段,,,,,102號,121.51814412972,25.066693660434
臺北市大同區斯文里17鄰承德路三段103號,63,6300600,6300600-020,17鄰,承德路,3段,,,,,103號,121.51858187861,25.066593969987
臺北市大同區斯文里17鄰承德路三段105號,63,6300600,6300600-020,17鄰,承德路,3段,,,,,105號,121.51858316674,25.066650372825
臺北市大同區斯文里14鄰承德路三段106號,63,6300600,6300600-020,14鄰,承德路,3段,,,,,106號,121.51814619864,25.066768423634
臺北市大同區斯文里17鄰承德路三段107號,63,6300600,6300600-020,17鄰,承德路,3段,,,,,107號,121.51858432008,25.066700655108
臺北市大同區斯文里17鄰承德路三段109號,63,6300600,6300600-020,17鄰,承德路,3段,,,,,109號,121.51858555808,25.066754566376
臺北市大同區斯文里12鄰承德路三段110號,63,6300600,6300600-020,12鄰,承德路,3段,,,,,110號,121.51815594815,25.06689238103
臺北市大同區斯文里17鄰承德路三段111號,63,6300600,6300600-020,17鄰,承德路,3段,,,,,111號,121.51858654149,25.06679744624
臺北市大同區斯文里12鄰承德路三段112號,63,6300600,6300600-020,12鄰,承德路,3段,,,,,112號,121.51815734502,25.06696525068
臺北市大同區斯文里12鄰承德路三段114號,63,6300600,6300600-020,12鄰,承德路,3段,,,,,114號,121.51815911774,25.067044998402
臺北市大同區斯文里16鄰承德路三段115號,63,6300600,6300600-020,16鄰,承德路,3段,,,,,115號,121.51859166557,25.066959789022
臺北市大同區斯文里12鄰承德路三段116號,63,6300600,6300600-020,12鄰,承德路,3段,,,,,116號,121.51816279099,25.067091146068
臺北市大同區斯文里12鄰承德路三段116之1號,63,6300600,6300600-020,12鄰,承德路,3段,,,,,116之1號,121.51815836454,25.067115708819
臺北市大同區斯文里16鄰承德路三段117號,63,6300600,6300600-020,16鄰,承德路,3段,,,,,117號,121.51859018084,25.067030908258
臺北市大同區斯文里12鄰承德路三段118號,63,6300600,6300600-020,12鄰,承德路,3段,,,,,118號,121.51815951949,25.067140495849
臺北市大同區斯文里16鄰承德路三段119號,63,6300600,6300600-020,16鄰,承德路,3段,,,,,119號,121.51859209284,25.067070688251
臺北市大同區斯文里12鄰承德路三段120號,63,6300600,6300600-020,12鄰,承德路,3段,,,,,120號,121.51816144157,25.067185060687
臺北市大同區斯文里16鄰承德路三段121號,63,6300600,6300600-020,16鄰,承德路,3段,,,,,121號,121.51859224698,25.067107296506
臺北市大同區斯文里16鄰承德路三段123號,63,6300600,6300600-020,16鄰,承德路,3段,,,,,123號,121.51859411207,25.067135936033
臺北市大同區斯文里11鄰承德路三段124號,63,6300600,6300600-020,11鄰,承德路,3段,,,,,124號,121.51816394937,25.067366497938
臺北市大同區斯文里16鄰承德路三段125號,63,6300600,6300600-020,16鄰,承德路,3段,,,,,125號,121.51859425952,25.067170955372
臺北市大同區斯文里11鄰承德路三段126號,63,6300600,6300600-020,11鄰,承德路,3段,,,,,126號,121.51816594829,25.067426969952
臺北市大同區斯文里16鄰承德路三段127號,63,6300600,6300600-020,16鄰,承德路,3段,,,,,127號,121.51859448736,25.067225068782
臺北市大同區斯文里11鄰承德路三段128號,63,6300600,6300600-020,11鄰,承德路,3段,,,,,128號,121.51816617595,25.067481083364
臺北市大同區斯文里11鄰承德路三段130號,63,6300600,6300600-020,11鄰,承德路,3段,,,,,130號,121.51816812679,25.067532482343
臺北市大同區斯文里16鄰承德路三段131號,63,6300600,6300600-020,16鄰,承德路,3段,,,,,131號,121.51859161823,25.067372299415
臺北市大同區斯文里11鄰承德路三段132號,63,6300600,6300600-020,11鄰,承德路,3段,,,,,132號,121.51817536873,25.067597558425
臺北市大同區斯文里16鄰承德路三段133號,63,6300600,6300600-020,16鄰,承德路,3段,,,,,133號,121.51859361067,25.067431182505
臺北市大同區斯文里11鄰承德路三段134號,63,6300600,6300600-020,11鄰,承德路,3段,,,,,134號,121.51817557284,25.067643718195
臺北市大同區斯文里16鄰承德路三段135號,63,6300600,6300600-020,16鄰,承德路,3段,,,,,135號,121.51859386881,25.067494847497
臺北市大同區斯文里11鄰承德路三段136號,63,6300600,6300600-020,11鄰,承德路,3段,,,,,136號,121.518175767,25.067689868971
臺北市大同區斯文里16鄰承德路三段137號,63,6300600,6300600-020,16鄰,承德路,3段,,,,,137號,121.5185992867,25.067540980025
臺北市大同區斯文里11鄰承德路三段138號,63,6300600,6300600-020,11鄰,承德路,3段,,,,,138號,121.51817073762,25.067736047006
臺北市大同區斯文里16鄰承德路三段139號,63,6300600,6300600-020,16鄰,承德路,3段,,,,,139號,121.51859948774,25.067588728742
臺北市大同區斯文里11鄰承德路三段140號,63,6300600,6300600-020,11鄰,承德路,3段,,,,,140號,121.51817090501,25.067775833091
臺北市大同區斯文里16鄰承德路三段141號,63,6300600,6300600-020,16鄰,承德路,3段,,,,,141號,121.5185996821,25.067634888544
臺北市大同區斯文里11鄰承德路三段142號,63,6300600,6300600-020,11鄰,承德路,3段,,,,,142號,121.51817453461,25.067809242309
臺北市大同區斯文里11鄰承德路三段144號,63,6300600,6300600-020,11鄰,承德路,3段,,,,,144號,121.51817468194,25.067844261647
臺北市大同區斯文里15鄰承德路三段145號,63,6300600,6300600-020,15鄰,承德路,3段,,,,,145號,121.51860191376,25.067750584388
臺北市大同區斯文里11鄰承德路三段146號,63,6300600,6300600-020,11鄰,承德路,3段,,,,,146號,121.51817480245,25.067872907267
臺北市大同區斯文里15鄰承德路三段147號,63,6300600,6300600-020,15鄰,承德路,3段,,,,,147號,121.51860216172,25.067809473568
臺北市大同區斯文里11鄰承德路三段148號,63,6300600,6300600-020,11鄰,承德路,3段,,,,,148號,121.51814107307,25.067925071762
臺北市大同區斯文里11鄰承德路三段148之1號,63,6300600,6300600-020,11鄰,承德路,3段,,,,,148之1號,121.51814161706,25.067955422207
臺北市大同區斯文里15鄰承德路三段149號,63,6300600,6300600-020,15鄰,承德路,3段,,,,,149號,121.5186023963,25.067865184917
臺北市大同區斯文里11鄰承德路三段150號,63,6300600,6300600-020,11鄰,承德路,3段,,,,,150號,121.51814221399,25.067988932289
臺北市大同區斯文里11鄰承德路三段150之1號,63,6300600,6300600-020,11鄰,承德路,3段,,,,,150之1號,121.51814295371,25.06803046782
臺北市大同區斯文里11鄰承德路三段150之2號,63,6300600,6300600-020,11鄰,承德路,3段,,,,,150之2號,121.51814335513,25.068052846984
臺北市大同區斯文里15鄰承德路三段151號,63,6300600,6300600-020,15鄰,承德路,3段,,,,,151號,121.51860465938,25.067905947737
臺北市大同區斯文里11鄰承德路三段152號,63,6300600,6300600-020,11鄰,承德路,3段,,,,,152號,121.51814389912,25.068083197429
臺北市大同區斯文里15鄰承德路三段153號,63,6300600,6300600-020,15鄰,承德路,3段,,,,,153號,121.51860446396,25.067934865301
臺北市大同區斯文里11鄰承德路三段154號,63,6300600,6300600-020,11鄰,承德路,3段,,,,,154號,121.51803536542,25.068067560388
臺北市大同區斯文里15鄰承德路三段155號,63,6300600,6300600-020,15鄰,承德路,3段,,,,,155號,121.51860105712,25.06795909949
臺北市大同區斯文里11鄰承德路三段156號,63,6300600,6300600-020,11鄰,承德路,3段,,,,,156號,121.51814581623,25.068190191325
臺北市大同區斯文里11鄰承德路三段156之1號,63,6300600,6300600-020,11鄰,承德路,3段,,,,,156之1號,121.51814641331,25.068223737518
臺北市大同區斯文里15鄰承德路三段157號,63,6300600,6300600-020,15鄰,承德路,3段,,,,,157號,121.51860478739,25.068016387566
臺北市大同區斯文里11鄰承德路三段158號,63,6300600,6300600-020,11鄰,承德路,3段,,,,,158號,121.518146957,25.068254015739
臺北市大同區斯文里11鄰承德路三段158之1號,63,6300600,6300600-020,11鄰,承德路,3段,,,,,158之1號,121.51814755412,25.06828757096
臺北市大同區斯文里15鄰承德路三段161號,63,6300600,6300600-020,15鄰,承德路,3段,,,,,161號,121.51860862168,25.068100732377
臺北市大同區斯文里15鄰承德路三段163號,63,6300600,6300600-020,15鄰,承德路,3段,,,,,163號,121.51860709161,25.068151665015
臺北市大同區斯文里15鄰承德路三段165號,63,6300600,6300600-020,15鄰,承德路,3段,,,,,165號,121.51861079509,25.0682025884
臺北市大同區斯文里15鄰承德路三段165之1號,63,6300600,6300600-020,15鄰,承德路,3段,,,,,165之1號,121.51861477237,25.068266745965
臺北市大同區斯文里15鄰承德路三段165之2號,63,6300600,6300600-020,15鄰,承德路,3段,,,,,165之2號,121.51861477053,25.06832751385
臺北市大同區至聖里10鄰承德路三段190巷1號,63,6300600,6300600-022,10鄰,承德路,3段,190巷,,,,1號,121.518043591,25.069773338633
臺北市大同區至聖里10鄰承德路三段198巷1號,63,6300600,6300600-022,10鄰,承德路,3段,198巷,,,,1號,121.51802320316,25.069945746406
臺北市大同區至聖里10鄰承德路三段208巷1號,63,6300600,6300600-022,10鄰,承德路,3段,208巷,,,,1號,121.51773939813,25.070582835443
臺北市大同區至聖里5鄰承德路三段191巷1號,63,6300600,6300600-022,5鄰,承德路,3段,191巷,,,,1號,121.5189819948,25.06950145832
臺北市大同區至聖里6鄰承德路三段225巷1號,63,6300600,6300600-022,6鄰,承德路,3段,225巷,,,,1號,121.51897722631,25.070275161569
臺北市大同區至聖里8鄰承德路三段214巷1號,63,6300600,6300600-022,8鄰,承德路,3段,214巷,,,,1號,121.51786224369,25.071542820846
臺北市大同區至聖里7鄰承德路三段177巷1號,63,6300600,6300600-022,7鄰,承德路,3段,177巷,,,,1號,121.51883623399,25.069155118773
臺北市大同區至聖里11鄰承德路三段176巷2號,63,6300600,6300600-022,11鄰,承德路,3段,176巷,,,,2號,121.51799642157,25.069081141284
臺北市大同區至聖里10鄰承德路三段208巷2號,63,6300600,6300600-022,10鄰,承德路,3段,208巷,,,,2號,121.51818527645,25.070388241818
臺北市大同區至聖里8鄰承德路三段214巷2號,63,6300600,6300600-022,8鄰,承德路,3段,214巷,,,,2號,121.51775139094,25.071424271871
臺北市大同區至聖里10鄰承德路三段208巷3號,63,6300600,6300600-022,10鄰,承德路,3段,208巷,,,,3號,121.51760705574,25.070589083915
臺北市大同區至聖里10鄰承德路三段190巷3號,63,6300600,6300600-022,10鄰,承德路,3段,190巷,,,,3號,121.51793749842,25.069777554756
臺北市大同區至聖里8鄰承德路三段214巷3號,63,6300600,6300600-022,8鄰,承德路,3段,214巷,,,,3號,121.51772184176,25.071534977664
臺北市大同區至聖里6鄰承德路三段225巷3號,63,6300600,6300600-022,6鄰,承德路,3段,225巷,,,,3號,121.51901834176,25.070275017831
臺北市大同區至聖里7鄰承德路三段177巷3號,63,6300600,6300600-022,7鄰,承德路,3段,177巷,,,,3號,121.51894263257,25.06915073844
臺北市大同區至聖里10鄰承德路三段190巷4號,63,6300600,6300600-022,10鄰,承德路,3段,190巷,,,,4號,121.51789510817,25.069691367302
臺北市大同區至聖里11鄰承德路三段176巷4號,63,6300600,6300600-022,11鄰,承德路,3段,176巷,,,,4號,121.51794102759,25.069079998395
臺北市大同區至聖里5鄰承德路三段191巷4號,63,6300600,6300600-022,5鄰,承德路,3段,191巷,,,,4號,121.51884897716,25.069422422167
臺北市大同區至聖里7鄰承德路三段177巷4號,63,6300600,6300600-022,7鄰,承德路,3段,177巷,,,,4號,121.51883291941,25.069071837477
臺北市大同區至聖里8鄰承德路三段214巷4號,63,6300600,6300600-022,8鄰,承德路,3段,214巷,,,,4號,121.51768417219,25.071425896613
臺北市大同區至聖里5鄰承德路三段191巷5號,63,6300600,6300600-022,5鄰,承德路,3段,191巷,,,,5號,121.51904039159,25.069521233261
臺北市大同區至聖里8鄰承德路三段214巷5號,63,6300600,6300600-022,8鄰,承德路,3段,214巷,,,,5號,121.51767851131,25.071536501037
臺北市大同區至聖里7鄰承德路三段177巷5號,63,6300600,6300600-022,7鄰,承德路,3段,177巷,,,,5號,121.51900695688,25.069154097722
臺北市大同區至聖里6鄰承德路三段225巷5號,63,6300600,6300600-022,6鄰,承德路,3段,225巷,,,,5號,121.51912436168,25.07027463811
臺北市大同區至聖里11鄰承德路三段176巷5號,63,6300600,6300600-022,11鄰,承德路,3段,176巷,,,,5號,121.51788569631,25.069199840307
臺北市大同區至聖里10鄰承德路三段190巷5號,63,6300600,6300600-022,10鄰,承德路,3段,190巷,,,,5號,121.51784818668,25.069776927398
臺北市大同區至聖里10鄰承德路三段198巷5號,63,6300600,6300600-022,10鄰,承德路,3段,198巷,,,,5號,121.51781440175,25.070006989925
臺北市大同區至聖里10鄰承德路三段208巷5號,63,6300600,6300600-022,10鄰,承德路,3段,208巷,,,,5號,121.51762478673,25.070807907384
臺北市大同區至聖里10鄰承德路三段208巷6號,63,6300600,6300600-022,10鄰,承德路,3段,208巷,,,,6號,121.518113838,25.07039042316
臺北市大同區至聖里10鄰承德路三段190巷6號,63,6300600,6300600-022,10鄰,承德路,3段,190巷,,,,6號,121.51784574242,25.069695385458
臺北市大同區至聖里11鄰承德路三段176巷6號,63,6300600,6300600-022,11鄰,承德路,3段,176巷,,,,6號,121.51789875287,25.069080154901
臺北市大同區至聖里3鄰承德路三段225巷6號,63,6300600,6300600-022,3鄰,承德路,3段,225巷,,,,6號,121.51912043707,25.070121942228
臺北市大同區至聖里8鄰承德路三段214巷6號,63,6300600,6300600-022,8鄰,承德路,3段,214巷,,,,6號,121.5174528383,25.071461425057
臺北市大同區至聖里5鄰承德路三段191巷6號,63,6300600,6300600-022,5鄰,承德路,3段,191巷,,,,6號,121.51895252353,25.069425635363
臺北市大同區至聖里8鄰承德路三段214巷7號,63,6300600,6300600-022,8鄰,承德路,3段,214巷,,,,7號,121.5176389133,25.071536946071
臺北市大同區至聖里7鄰承德路三段177巷7號,63,6300600,6300600-022,7鄰,承德路,3段,177巷,,,,7號,121.51910157842,25.069163499153
臺北市大同區至聖里5鄰承德路三段191巷7號,63,6300600,6300600-022,5鄰,承德路,3段,191巷,,,,7號,121.51909870551,25.069523692652
臺北市大同區至聖里11鄰承德路三段176巷7號,63,6300600,6300600-022,11鄰,承德路,3段,176巷,,,,7號,121.51782884095,25.069200047656
臺北市大同區至聖里10鄰承德路三段198巷7號,63,6300600,6300600-022,10鄰,承德路,3段,198巷,,,,7號,121.51781352063,25.070047321341
臺北市大同區至聖里10鄰承德路三段208巷7號,63,6300600,6300600-022,10鄰,承德路,3段,208巷,,,,7號,121.51771091523,25.070805666017
臺北市大同區至聖里1鄰承德路三段247巷7號,63,6300600,6300600-022,1鄰,承德路,3段,247巷,,,,7號,121.51901730218,25.07116433932
臺北市大同區至聖里1鄰承德路三段251巷7號,63,6300600,6300600-022,1鄰,承德路,3段,251巷,,,,7號,121.51944009174,25.071537732566
臺北市大同區至聖里3鄰承德路三段225巷8號,63,6300600,6300600-022,3鄰,承德路,3段,225巷,,,,8號,121.51922324272,25.07012565436
臺北市大同區至聖里5鄰承德路三段191巷8號,63,6300600,6300600-022,5鄰,承德路,3段,191巷,,,,8號,121.5190574191,25.069407952839
臺北市大同區至聖里7鄰承德路三段177巷8號,63,6300600,6300600-022,7鄰,承德路,3段,177巷,,,,8號,121.51907367145,25.06905666839
臺北市大同區至聖里8鄰承德路三段214巷8號,63,6300600,6300600-022,8鄰,承德路,3段,214巷,,,,8號,121.51741282559,25.071462250655
臺北市大同區至聖里10鄰承德路三段190巷8號,63,6300600,6300600-022,10鄰,承德路,3段,190巷,,,,8號,121.51782579747,25.069697368976
臺北市大同區至聖里11鄰承德路三段176巷8號,63,6300600,6300600-022,11鄰,承德路,3段,176巷,,,,8號,121.51786961286,25.069082928857
臺北市大同區至聖里3鄰承德路三段225巷9號,63,6300600,6300600-022,3鄰,承德路,3段,225巷,,,,9號,121.5192517728,25.070210914865
臺北市大同區至聖里5鄰承德路三段191巷9號,63,6300600,6300600-022,5鄰,承德路,3段,191巷,,,,9號,121.51912348992,25.069522269838
臺北市大同區至聖里8鄰承德路三段214巷9號,63,6300600,6300600-022,8鄰,承德路,3段,214巷,,,,9號,121.51757583805,25.071540975837
臺北市大同區至聖里7鄰承德路三段177巷9號,63,6300600,6300600-022,7鄰,承德路,3段,177巷,,,,9號,121.51920797839,25.069161799959
臺北市大同區至聖里10鄰承德路三段208巷9號,63,6300600,6300600-022,10鄰,承德路,3段,208巷,,,,9號,121.51775939842,25.070843893266
臺北市大同區至聖里1鄰承德路三段247巷9號,63,6300600,6300600-022,1鄰,承德路,3段,247巷,,,,9號,121.51907254892,25.071158548762
臺北市大同區至聖里11鄰承德路三段176巷10號,63,6300600,6300600-022,11鄰,承德路,3段,176巷,,,,10號,121.51783753885,25.069085704013
臺北市大同區至聖里2鄰承德路三段247巷10號,63,6300600,6300600-022,2鄰,承德路,3段,247巷,,,,10號,121.51917002824,25.071038983367
臺北市大同區至聖里3鄰承德路三段225巷10號,63,6300600,6300600-022,3鄰,承德路,3段,225巷,,,,10號,121.51932826273,25.070123246679
臺北市大同區至聖里8鄰承德路三段214巷10號,63,6300600,6300600-022,8鄰,承德路,3段,214巷,,,,10號,121.51736457355,25.071462563274
臺北市大同區至聖里5鄰承德路三段191巷10號,63,6300600,6300600-022,5鄰,承德路,3段,191巷,,,,10號,121.51912592555,25.069406386182
臺北市大同區至聖里7鄰承德路三段177巷10號,63,6300600,6300600-022,7鄰,承德路,3段,177巷,,,,10號,121.51909993303,25.06906708523
臺北市大同區至聖里2鄰承德路三段247巷10之1號,63,6300600,6300600-022,2鄰,承德路,3段,247巷,,,,10之1號,121.51916561788,25.070987403444
臺北市大同區至聖里3鄰承德路三段225巷11號,63,6300600,6300600-022,3鄰,承德路,3段,225巷,,,,11號,121.51928852325,25.070202868713
臺北市大同區至聖里8鄰承德路三段214巷11號,63,6300600,6300600-022,8鄰,承德路,3段,214巷,,,,11號,121.51752190822,25.071541768734
臺北市大同區至聖里7鄰承德路三段177巷11號,63,6300600,6300600-022,7鄰,承德路,3段,177巷,,,,11號,121.51926482809,25.069160255949
臺北市大同區至聖里5鄰承德路三段191巷11號,63,6300600,6300600-022,5鄰,承德路,3段,191巷,,,,11號,121.51919345909,25.069522025158
臺北市大同區至聖里10鄰承德路三段208巷11號,63,6300600,6300600-022,10鄰,承德路,3段,208巷,,,,11號,121.51775551234,25.07091687159
臺北市大同區至聖里11鄰承德路三段176巷12號,63,6300600,6300600-022,11鄰,承德路,3段,176巷,,,,12號,121.51778360198,25.069084565011
臺北市大同區至聖里2鄰承德路三段247巷12號,63,6300600,6300600-022,2鄰,承德路,3段,247巷,,,,12號,121.51924765232,25.071036797932
臺北市大同區至聖里3鄰承德路三段225巷12號,63,6300600,6300600-022,3鄰,承德路,3段,225巷,,,,12號,121.51948022513,25.070122715012
臺北市大同區至聖里5鄰承德路三段191巷12號,63,6300600,6300600-022,5鄰,承德路,3段,191巷,,,,12號,121.51916527636,25.069406248578
臺北市大同區至聖里7鄰承德路三段177巷12號,63,6300600,6300600-022,7鄰,承德路,3段,177巷,,,,12號,121.51914409037,25.069066768321
臺北市大同區至聖里8鄰承德路三段214巷12號,63,6300600,6300600-022,8鄰,承德路,3段,214巷,,,,12號,121.51726897189,25.071465640951
臺北市大同區至聖里3鄰承德路三段225巷13號,63,6300600,6300600-022,3鄰,承德路,3段,225巷,,,,13號,121.51934697022,25.070208595694
臺北市大同區至聖里8鄰承德路三段214巷13號,63,6300600,6300600-022,8鄰,承德路,3段,214巷,,,,13號,121.51747493301,25.07154164359
臺北市大同區至聖里7鄰承德路三段177巷13號,63,6300600,6300600-022,7鄰,承德路,3段,177巷,,,,13號,121.51928961805,25.069160169241
臺北市大同區至聖里5鄰承德路三段191巷13號,63,6300600,6300600-022,5鄰,承德路,3段,191巷,,,,13號,121.51923428256,25.069523218538
臺北市大同區至聖里10鄰承德路三段208巷13號,63,6300600,6300600-022,10鄰,承德路,3段,208巷,,,,13號,121.51768837939,25.070945914246
臺北市大同區至聖里10鄰承德路三段208巷14號,63,6300600,6300600-022,10鄰,承德路,3段,208巷,,,,14號,121.51789324011,25.070395056894
臺北市大同區至聖里11鄰承德路三段176巷14號,63,6300600,6300600-022,11鄰,承德路,3段,176巷,,,,14號,121.5177471499,25.069083365013
臺北市大同區至聖里5鄰承德路三段191巷14號,63,6300600,6300600-022,5鄰,承德路,3段,191巷,,,,14號,121.51926292285,25.069401907646
臺北市大同區至聖里3鄰承德路三段225巷14號,63,6300600,6300600-022,3鄰,承德路,3段,225巷,,,,14號,121.51956512357,25.070120377571
臺北市大同區至聖里2鄰承德路三段247巷14號,63,6300600,6300600-022,2鄰,承德路,3段,247巷,,,,14號,121.5193260176,25.071034086237
臺北市大同區至聖里8鄰承德路三段214巷15號,63,6300600,6300600-022,8鄰,承德路,3段,214巷,,,,15號,121.51741666622,25.071543543962
臺北市大同區至聖里5鄰承德路三段191巷15號,63,6300600,6300600-022,5鄰,承德路,3段,191巷,,,,15號,121.5192955093,25.069523004387
臺北市大同區至聖里7鄰承德路三段177巷15號,63,6300600,6300600-022,7鄰,承德路,3段,177巷,,,,15號,121.51934500644,25.069159975493
臺北市大同區至聖里3鄰承德路三段225巷15號,63,6300600,6300600-022,3鄰,承德路,3段,225巷,,,,15號,121.51942701363,25.070204361367
臺北市大同區至聖里10鄰承德路三段208巷15號,63,6300600,6300600-022,10鄰,承德路,3段,208巷,,,,15號,121.51760225263,25.070946232618
臺北市大同區至聖里11鄰承德路三段176巷16號,63,6300600,6300600-022,11鄰,承德路,3段,176巷,,,,16號,121.51770489625,25.069086175641
臺北市大同區至聖里3鄰承德路三段225巷16號,63,6300600,6300600-022,3鄰,承德路,3段,225巷,,,,16號,121.51960312526,25.070122284911
臺北市大同區至聖里2鄰承德路三段247巷16號,63,6300600,6300600-022,2鄰,承德路,3段,247巷,,,,16號,121.51940885363,25.071033796434
臺北市大同區至聖里5鄰承德路三段191巷16號,63,6300600,6300600-022,5鄰,承德路,3段,191巷,,,,16號,121.51932125226,25.069405703049
臺北市大同區至聖里16鄰承德路三段208巷17號,63,6300600,6300600-022,16鄰,承德路,3段,208巷,,,,17號,121.5173801453,25.070591824952
臺北市大同區至聖里8鄰承德路三段214巷17號,63,6300600,6300600-022,8鄰,承德路,3段,214巷,,,,17號,121.51737301402,25.071543985
臺北市大同區至聖里5鄰承德路三段191巷17號,63,6300600,6300600-022,5鄰,承德路,3段,191巷,,,,17號,121.5193363215,25.069521525472
臺北市大同區至聖里7鄰承德路三段177巷17號,63,6300600,6300600-022,7鄰,承德路,3段,177巷,,,,17號,121.51936686676,25.069158571895
臺北市大同區至聖里11鄰承德路三段176巷18號,63,6300600,6300600-022,11鄰,承德路,3段,176巷,,,,18號,121.51765387479,25.069087689703
臺北市大同區至聖里3鄰承德路三段225巷18號,63,6300600,6300600-022,3鄰,承德路,3段,225巷,,,,18號,121.519688025,25.070117907054
臺北市大同區至聖里2鄰承德路三段247巷18號,63,6300600,6300600-022,2鄰,承德路,3段,247巷,,,,18號,121.51943920324,25.07102864356
臺北市大同區至聖里7鄰承德路三段177巷18號,63,6300600,6300600-022,7鄰,承德路,3段,177巷,,,,18號,121.51921764865,25.069033883676
臺北市大同區至聖里5鄰承德路三段191巷18號,63,6300600,6300600-022,5鄰,承德路,3段,191巷,,,,18號,121.51942618973,25.069402672659
臺北市大同區至聖里16鄰承德路三段208巷19號,63,6300600,6300600-022,16鄰,承德路,3段,208巷,,,,19號,121.51743477107,25.070591625538
臺北市大同區至聖里5鄰承德路三段191巷19號,63,6300600,6300600-022,5鄰,承德路,3段,191巷,,,,19號,121.51944708735,25.069518474677
臺北市大同區至聖里7鄰承德路三段177巷19號,63,6300600,6300600-022,7鄰,承德路,3段,177巷,,,,19號,121.51942954476,25.069157016461
臺北市大同區至聖里8鄰承德路三段214巷19號,63,6300600,6300600-022,8鄰,承德路,3段,214巷,,,,19號,121.51731919971,25.071546321218
臺北市大同區至聖里3鄰承德路三段225巷19號,63,6300600,6300600-022,3鄰,承德路,3段,225巷,,,,19號,121.51950924289,25.070206050782
臺北市大同區至聖里11鄰承德路三段176巷20號,63,6300600,6300600-022,11鄰,承德路,3段,176巷,,,,20號,121.51760723444,25.069089188474
臺北市大同區至聖里2鄰承德路三段247巷20號,63,6300600,6300600-022,2鄰,承德路,3段,247巷,,,,20號,121.51949717883,25.071025921864
臺北市大同區至聖里7鄰承德路三段177巷20號,63,6300600,6300600-022,7鄰,承德路,3段,177巷,,,,20號,121.51931385897,25.069032220043
臺北市大同區至聖里16鄰承德路三段208巷21號,63,6300600,6300600-022,16鄰,承德路,3段,208巷,,,,21號,121.51727508039,25.070588372205
臺北市大同區至聖里8鄰承德路三段214巷21號,63,6300600,6300600-022,8鄰,承德路,3段,214巷,,,,21號,121.51728184085,25.071548879948
臺北市大同區至聖里3鄰承德路三段225巷21號,63,6300600,6300600-022,3鄰,承德路,3段,225巷,,,,21號,121.51955901992,25.070207853729
臺北市大同區至聖里11鄰承德路三段176巷22號,63,6300600,6300600-022,11鄰,承德路,3段,176巷,,,,22號,121.51754602342,25.069090738024
臺北市大同區至聖里2鄰承德路三段247巷22號,63,6300600,6300600-022,2鄰,承德路,3段,247巷,,,,22號,121.51952478423,25.071025825259
臺北市大同區至聖里7鄰承德路三段177巷22號,63,6300600,6300600-022,7鄰,承德路,3段,177巷,,,,22號,121.5193605049,25.069032056871
臺北市大同區至聖里16鄰承德路三段208巷23號,63,6300600,6300600-022,16鄰,承德路,3段,208巷,,,,23號,121.51736610521,25.070751246213
臺北市大同區至聖里8鄰承德路三段214巷23號,63,6300600,6300600-022,8鄰,承德路,3段,214巷,,,,23號,121.5172185118,25.07154912769
臺北市大同區至聖里2鄰承德路三段247巷24號,63,6300600,6300600-022,2鄰,承德路,3段,247巷,,,,24號,121.51957447248,25.071020604679
臺北市大同區至聖里8鄰承德路三段214巷25號,63,6300600,6300600-022,8鄰,承德路,3段,214巷,,,,25號,121.51713784202,25.071550780994
臺北市大同區至聖里16鄰承德路三段208巷25號,63,6300600,6300600-022,16鄰,承德路,3段,208巷,,,,25號,121.51722465557,25.070590488929
臺北市大同區至聖里2鄰承德路三段247巷26號,63,6300600,6300600-022,2鄰,承德路,3段,247巷,,,,26號,121.51961590683,25.071025506341
臺北市大同區至聖里8鄰承德路三段214巷27號,63,6300600,6300600-022,8鄰,承德路,3段,214巷,,,,27號,121.51708255746,25.071552354863
臺北市大同區至聖里16鄰承德路三段208巷27號,63,6300600,6300600-022,16鄰,承德路,3段,208巷,,,,27號,121.51730730268,25.07075530611
臺北市大同區至聖里8鄰承德路三段214巷29號,63,6300600,6300600-022,8鄰,承德路,3段,214巷,,,,29號,121.51702876961,25.071553914471
臺北市大同區至聖里16鄰承德路三段208巷29號,63,6300600,6300600-022,16鄰,承德路,3段,208巷,,,,29號,121.51713642576,25.070592719275
臺北市大同區至聖里8鄰承德路三段214巷31號,63,6300600,6300600-022,8鄰,承德路,3段,214巷,,,,31號,121.51673118018,25.071558534762
臺北市大同區至聖里16鄰承德路三段208巷31號,63,6300600,6300600-022,16鄰,承德路,3段,208巷,,,,31號,121.51722324769,25.070755617041
臺北市大同區至聖里16鄰承德路三段208巷33號,63,6300600,6300600-022,16鄰,承德路,3段,208巷,,,,33號,121.51710279578,25.070590931499
臺北市大同區至聖里16鄰承德路三段208巷35號,63,6300600,6300600-022,16鄰,承德路,3段,208巷,,,,35號,121.51714552472,25.070757828844
臺北市大同區至聖里16鄰承德路三段208巷37號,63,6300600,6300600-022,16鄰,承德路,3段,208巷,,,,37號,121.51703766317,25.070591176412
臺北市大同區至聖里16鄰承德路三段208巷39號,63,6300600,6300600-022,16鄰,承德路,3段,208巷,,,,39號,121.51705727685,25.070758145259
臺北市大同區至聖里16鄰承德路三段208巷41號,63,6300600,6300600-022,16鄰,承德路,3段,208巷,,,,41號,121.5169935362,25.070589416141
臺北市大同區至聖里16鄰承德路三段208巷43號,63,6300600,6300600-022,16鄰,承德路,3段,208巷,,,,43號,121.51699006072,25.070760311358
臺北市大同區至聖里16鄰承德路三段208巷45號,63,6300600,6300600-022,16鄰,承德路,3段,208巷,,,,45號,121.51690319514,25.07059166273
臺北市大同區至聖里16鄰承德路三段208巷47號,63,6300600,6300600-022,16鄰,承德路,3段,208巷,,,,47號,121.51688373121,25.070592570109
臺北市大同區至聖里16鄰承德路三段208巷49號,63,6300600,6300600-022,16鄰,承德路,3段,208巷,,,,49號,121.51686118752,25.070591818017
臺北市大同區至聖里16鄰承德路三段208巷51號,63,6300600,6300600-022,16鄰,承德路,3段,208巷,,,,51號,121.51669353255,25.070696115981
臺北市大同區至聖里16鄰承德路三段208巷53號,63,6300600,6300600-022,16鄰,承德路,3段,208巷,,,,53號,121.51673090428,25.07059037566
臺北市大同區至聖里16鄰承德路三段208巷55號,63,6300600,6300600-022,16鄰,承德路,3段,208巷,,,,55號,121.51669107672,25.070611639944
臺北市大同區至聖里14鄰承德路三段208巷57號,63,6300600,6300600-022,14鄰,承德路,3段,208巷,,,,57號,121.51735774038,25.070831742455
臺北市大同區至聖里14鄰承德路三段208巷59號,63,6300600,6300600-022,14鄰,承德路,3段,208巷,,,,59號,121.51736290906,25.070995583714
臺北市大同區至聖里14鄰承德路三段208巷61號,63,6300600,6300600-022,14鄰,承德路,3段,208巷,,,,61號,121.51730546526,25.070834669153
臺北市大同區至聖里14鄰承德路三段208巷63號,63,6300600,6300600-022,14鄰,承德路,3段,208巷,,,,63號,121.51730463389,25.070993069346
臺北市大同區至聖里14鄰承德路三段208巷65號,63,6300600,6300600-022,14鄰,承德路,3段,208巷,,,,65號,121.51715008968,25.070839345346
臺北市大同區至聖里14鄰承德路三段208巷67號,63,6300600,6300600-022,14鄰,承德路,3段,208巷,,,,67號,121.51715524502,25.070997715657
臺北市大同區至聖里14鄰承德路三段208巷69號,63,6300600,6300600-022,14鄰,承德路,3段,208巷,,,,69號,121.51711421027,25.07083537159
臺北市大同區至聖里14鄰承德路三段208巷71號,63,6300600,6300600-022,14鄰,承德路,3段,208巷,,,,71號,121.51711041802,25.070999244075
臺北市大同區至聖里14鄰承德路三段208巷73號,63,6300600,6300600-022,14鄰,承德路,3段,208巷,,,,73號,121.51698573625,25.070839944874
臺北市大同區至聖里14鄰承德路三段208巷75號,63,6300600,6300600-022,14鄰,承德路,3段,208巷,,,,75號,121.51698492159,25.071002425695
臺北市大同區至聖里13鄰承德路三段208巷77號,63,6300600,6300600-022,13鄰,承德路,3段,208巷,,,,77號,121.51735278733,25.071075508281
臺北市大同區至聖里13鄰承德路三段208巷79號,63,6300600,6300600-022,13鄰,承德路,3段,208巷,,,,79號,121.51735793299,25.071233869582
臺北市大同區至聖里13鄰承德路三段208巷81號,63,6300600,6300600-022,13鄰,承德路,3段,208巷,,,,81號,121.51729901533,25.071078431165
臺北市大同區至聖里13鄰承德路三段208巷83號,63,6300600,6300600-022,13鄰,承德路,3段,208巷,,,,83號,121.51730713881,25.071235427884
臺北市大同區至聖里13鄰承德路三段208巷85號,63,6300600,6300600-022,13鄰,承德路,3段,208巷,,,,85號,121.5171511017,25.071080336831
臺北市大同區至聖里13鄰承德路三段208巷87號,63,6300600,6300600-022,13鄰,承德路,3段,208巷,,,,87號,121.51715324221,25.071235991166
臺北市大同區至聖里13鄰承德路三段208巷89號,63,6300600,6300600-022,13鄰,承德路,3段,208巷,,,,89號,121.5171047936,25.071083242672
臺北市大同區至聖里13鄰承德路三段208巷91號,63,6300600,6300600-022,13鄰,承德路,3段,208巷,,,,91號,121.51710994471,25.071242976233
臺北市大同區至聖里13鄰承德路三段208巷93號,63,6300600,6300600-022,13鄰,承德路,3段,208巷,,,,93號,121.51699424466,25.071086372234
臺北市大同區至聖里13鄰承德路三段208巷95號,63,6300600,6300600-022,13鄰,承德路,3段,208巷,,,,95號,121.51700684649,25.071240617876
臺北市大同區至聖里11鄰承德路三段160號,63,6300600,6300600-022,11鄰,承德路,3段,,,,,160號,121.51819427492,25.068745816728
臺北市大同區至聖里11鄰承德路三段162號,63,6300600,6300600-022,11鄰,承德路,3段,,,,,162號,121.51819890391,25.06880707402
臺北市大同區至聖里11鄰承德路三段164號,63,6300600,6300600-022,11鄰,承德路,3段,,,,,164號,121.51819910569,25.068855030374
臺北市大同區至聖里11鄰承德路三段166號,63,6300600,6300600-022,11鄰,承德路,3段,,,,,166號,121.5181949419,25.068904338119
臺北市大同區至聖里7鄰承德路三段167號,63,6300600,6300600-022,7鄰,承德路,3段,,,,,167號,121.51862576893,25.068853829422
臺北市大同區至聖里11鄰承德路三段168號,63,6300600,6300600-022,11鄰,承德路,3段,,,,,168號,121.51819950924,25.068950943082
臺北市大同區至聖里7鄰承德路三段169號,63,6300600,6300600-022,7鄰,承德路,3段,,,,,169號,121.51862598771,25.068905785145
臺北市大同區至聖里11鄰承德路三段170號,63,6300600,6300600-022,11鄰,承德路,3段,,,,,170號,121.51820263507,25.06899888923
臺北市大同區至聖里7鄰承德路三段171號,63,6300600,6300600-022,7鄰,承德路,3段,,,,,171號,121.51862760741,25.068944401529
臺北市大同區至聖里11鄰承德路三段172號,63,6300600,6300600-022,11鄰,承德路,3段,,,,,172號,121.51820425471,25.069037523675
臺北市大同區至聖里7鄰承德路三段173號,63,6300600,6300600-022,7鄰,承德路,3段,,,,,173號,121.51863074591,25.068997674176
臺北市大同區至聖里11鄰承德路三段174號,63,6300600,6300600-022,11鄰,承德路,3段,,,,,174號,121.51820145397,25.069066838536
臺北市大同區至聖里7鄰承德路三段175號,63,6300600,6300600-022,7鄰,承德路,3段,,,,,175號,121.51862807304,25.069054975583
臺北市大同區至聖里11鄰承德路三段178號,63,6300600,6300600-022,11鄰,承德路,3段,,,,,178號,121.51820637315,25.069194703841
臺北市大同區至聖里7鄰承德路三段179號,63,6300600,6300600-022,7鄰,承德路,3段,,,,,179號,121.51863006834,25.069180431563
臺北市大同區至聖里11鄰承德路三段180號,63,6300600,6300600-022,11鄰,承德路,3段,,,,,180號,121.51820556961,25.069251086882
臺北市大同區至聖里7鄰承德路三段181號,63,6300600,6300600-022,7鄰,承德路,3段,,,,,181號,121.51863317191,25.06922305122
臺北市大同區至聖里11鄰承德路三段182號,63,6300600,6300600-022,11鄰,承德路,3段,,,,,182號,121.51820894891,25.069307446294
臺北市大同區至聖里6鄰承德路三段183號,63,6300600,6300600-022,6鄰,承德路,3段,,,,,183號,121.51863342997,25.069284332788
臺北市大同區至聖里6鄰承德路三段185號,63,6300600,6300600-022,6鄰,承德路,3段,,,,,185號,121.5186321649,25.069332285233
臺北市大同區至聖里6鄰承德路三段187號,63,6300600,6300600-022,6鄰,承德路,3段,,,,,187號,121.51863673113,25.069376226904
臺北市大同區至聖里10鄰承德路三段188號,63,6300600,6300600-022,10鄰,承德路,3段,,,,,188號,121.5182099067,25.069690548675
臺北市大同區至聖里6鄰承德路三段189號,63,6300600,6300600-022,6鄰,承德路,3段,,,,,189號,121.51863541994,25.06941087215
臺北市大同區至聖里10鄰承德路三段192號,63,6300600,6300600-022,10鄰,承德路,3段,,,,,192號,121.51821026332,25.069775302854
臺北市大同區至聖里6鄰承德路三段193號,63,6300600,6300600-022,6鄰,承德路,3段,,,,,193號,121.51863589676,25.069524100407
臺北市大同區至聖里10鄰承德路三段194號,63,6300600,6300600-022,10鄰,承德路,3段,,,,,194號,121.51821527199,25.069804283498
臺北市大同區至聖里6鄰承德路三段195號,63,6300600,6300600-022,6鄰,承德路,3段,,,,,195號,121.51864043066,25.069562715635
臺北市大同區至聖里10鄰承德路三段196號,63,6300600,6300600-022,10鄰,承德路,3段,,,,,196號,121.51821304894,25.069857818623
臺北市大同區至聖里6鄰承德路三段197號,63,6300600,6300600-022,6鄰,承德路,3段,,,,,197號,121.51863768478,25.069602683419
臺北市大同區至聖里6鄰承德路三段199號,63,6300600,6300600-022,6鄰,承德路,3段,,,,,199號,121.51863933818,25.069649298541
臺北市大同區至聖里10鄰承德路三段200號,63,6300600,6300600-022,10鄰,承德路,3段,,,,,200號,121.51821578817,25.069926954968
臺北市大同區至聖里10鄰承德路三段202號,63,6300600,6300600-022,10鄰,承德路,3段,,,,,202號,121.51821837671,25.069962633852
臺北市大同區至聖里6鄰承德路三段203號,63,6300600,6300600-022,6鄰,承德路,3段,,,,,203號,121.51864074067,25.069770495338
臺北市大同區至聖里10鄰承德路三段204號,63,6300600,6300600-022,10鄰,承德路,3段,,,,,204號,121.51821860195,25.070016160429
臺北市大同區至聖里6鄰承德路三段205號,63,6300600,6300600-022,6鄰,承德路,3段,,,,,205號,121.51864766479,25.069823556136
臺北市大同區至聖里10鄰承德路三段206號,63,6300600,6300600-022,10鄰,承德路,3段,,,,,206號,121.51814910225,25.070224653257
臺北市大同區至聖里10鄰承德路三段206之1號,63,6300600,6300600-022,10鄰,承德路,3段,,,,,206之1號,121.51818141175,25.070308402126
臺北市大同區至聖里10鄰承德路三段206之2號,63,6300600,6300600-022,10鄰,承德路,3段,,,,,206之2號,121.51818296579,25.070347930572
臺北市大同區至聖里6鄰承德路三段207號,63,6300600,6300600-022,6鄰,承德路,3段,,,,,207號,121.51884657644,25.069828991148
臺北市大同區至聖里6鄰承德路三段209號,63,6300600,6300600-022,6鄰,承德路,3段,,,,,209號,121.518889004,25.069822703782
臺北市大同區至聖里6鄰承德路三段209之1號,63,6300600,6300600-022,6鄰,承德路,3段,,,,,209之1號,121.51902086308,25.069824292223
臺北市大同區至聖里10鄰承德路三段210號,63,6300600,6300600-022,10鄰,承德路,3段,,,,,210號,121.51814719399,25.070588608055
臺北市大同區至聖里8鄰承德路三段212號,63,6300600,6300600-022,8鄰,承德路,3段,,,,,212號,121.51817633315,25.070971891879
臺北市大同區至聖里8鄰承德路三段212之1號,63,6300600,6300600-022,8鄰,承德路,3段,,,,,212之1號,121.51817677038,25.071075803302
臺北市大同區至聖里8鄰承德路三段212之2號,63,6300600,6300600-022,8鄰,承德路,3段,,,,,212之2號,121.51820491463,25.071222600592
臺北市大同區至聖里8鄰承德路三段212之3號,63,6300600,6300600-022,8鄰,承德路,3段,,,,,212之3號,121.51820916637,25.071297825584
臺北市大同區至聖里8鄰承德路三段212之5號,63,6300600,6300600-022,8鄰,承德路,3段,,,,,212之5號,121.518213388,25.071365891431
臺北市大同區至聖里6鄰承德路三段213號,63,6300600,6300600-022,6鄰,承德路,3段,,,,,213號,121.51888715237,25.069912566524
臺北市大同區至聖里6鄰承德路三段215號,63,6300600,6300600-022,6鄰,承德路,3段,,,,,215號,121.51884248461,25.06991885269
臺北市大同區至聖里8鄰承德路三段216號,63,6300600,6300600-022,8鄰,承德路,3段,,,,,216號,121.51833422865,25.071605913808
臺北市大同區至聖里6鄰承德路三段217號,63,6300600,6300600-022,6鄰,承德路,3段,,,,,217號,121.51865038523,25.069939954426
臺北市大同區至聖里6鄰承德路三段219號,63,6300600,6300600-022,6鄰,承德路,3段,,,,,219號,121.51864830847,25.069978755251
臺北市大同區至聖里6鄰承德路三段221號,63,6300600,6300600-022,6鄰,承德路,3段,,,,,221號,121.51865519096,25.070019574144
臺北市大同區至聖里6鄰承德路三段223號,63,6300600,6300600-022,6鄰,承德路,3段,,,,,223號,121.51865377655,25.070086197132
臺北市大同區至聖里6鄰承德路三段223之1號,63,6300600,6300600-022,6鄰,承德路,3段,,,,,223之1號,121.51865436164,25.070128626965
臺北市大同區至聖里6鄰承德路三段227號,63,6300600,6300600-022,6鄰,承德路,3段,,,,,227號,121.51865856633,25.07028912213
臺北市大同區至聖里6鄰承德路三段229號,63,6300600,6300600-022,6鄰,承德路,3段,,,,,229號,121.51866379355,25.070468816399
臺北市大同區至聖里1鄰承德路三段231號,63,6300600,6300600-022,1鄰,承德路,3段,,,,,231號,121.51867658569,25.070677184431
臺北市大同區至聖里1鄰承德路三段233號,63,6300600,6300600-022,1鄰,承德路,3段,,,,,233號,121.51867422041,25.070736913299
臺北市大同區至聖里1鄰承德路三段235號,63,6300600,6300600-022,1鄰,承德路,3段,,,,,235號,121.51867454235,25.070813352741
臺北市大同區至聖里1鄰承德路三段237號,63,6300600,6300600-022,1鄰,承德路,3段,,,,,237號,121.51867510571,25.070947110477
臺北市大同區至聖里1鄰承德路三段239號,63,6300600,6300600-022,1鄰,承德路,3段,,,,,239號,121.51869137962,25.071076046506
臺北市大同區至聖里1鄰承德路三段249號,63,6300600,6300600-022,1鄰,承德路,3段,,,,,249號,121.51882152223,25.071312208089
臺北市大同區重慶里10鄰承德路三段299巷1號,63,6300600,6300600-025,10鄰,承德路,3段,299巷,,,,1號,121.5205448782,25.075691398433
臺北市大同區重慶里6鄰承德路三段301巷1號,63,6300600,6300600-025,6鄰,承德路,3段,301巷,,,,1號,121.52088543259,25.076053131345
臺北市大同區重慶里9鄰承德路三段299巷2號,63,6300600,6300600-025,9鄰,承德路,3段,299巷,,,,2號,121.52067146553,25.075455177884
臺北市大同區重慶里10鄰承德路三段301巷2號,63,6300600,6300600-025,10鄰,承德路,3段,301巷,,,,2號,121.52063770636,25.07594591666
臺北市大同區重慶里10鄰承德路三段299巷3號,63,6300600,6300600-025,10鄰,承德路,3段,299巷,,,,3號,121.52061628614,25.075671909218
臺北市大同區重慶里6鄰承德路三段301巷3號,63,6300600,6300600-025,6鄰,承德路,3段,301巷,,,,3號,121.52096657956,25.076030041704
臺北市大同區重慶里10鄰承德路三段301巷4號,63,6300600,6300600-025,10鄰,承德路,3段,301巷,,,,4號,121.52069560533,25.075929228345
臺北市大同區重慶里9鄰承德路三段299巷4號,63,6300600,6300600-025,9鄰,承德路,3段,299巷,,,,4號,121.52076188288,25.07543265169
臺北市大同區重慶里6鄰承德路三段301巷5號,63,6300600,6300600-025,6鄰,承德路,3段,301巷,,,,5號,121.52101157865,25.076017226434
臺北市大同區重慶里10鄰承德路三段299巷5號,63,6300600,6300600-025,10鄰,承德路,3段,299巷,,,,5號,121.52070050618,25.075648899226
臺北市大同區重慶里10鄰承德路三段301巷6號,63,6300600,6300600-025,10鄰,承德路,3段,301巷,,,,6號,121.52078233504,25.075904250414
臺北市大同區重慶里9鄰承德路三段299巷6號,63,6300600,6300600-025,9鄰,承德路,3段,299巷,,,,6號,121.52087645758,25.075428918326
臺北市大同區重慶里6鄰承德路三段301巷7號,63,6300600,6300600-025,6鄰,承德路,3段,301巷,,,,7號,121.5211017551,25.075991568143
臺北市大同區重慶里10鄰承德路三段299巷7號,63,6300600,6300600-025,10鄰,承德路,3段,299巷,,,,7號,121.52074286381,25.075637348204
臺北市大同區重慶里10鄰承德路三段301巷8號,63,6300600,6300600-025,10鄰,承德路,3段,301巷,,,,8號,121.52082449198,25.075892104221
臺北市大同區重慶里9鄰承德路三段299巷8號,63,6300600,6300600-025,9鄰,承德路,3段,299巷,,,,8號,121.52094643678,25.075406824862
臺北市大同區重慶里6鄰承德路三段301巷9號,63,6300600,6300600-025,6鄰,承德路,3段,301巷,,,,9號,121.52114310081,25.075979803885
臺北市大同區重慶里10鄰承德路三段299巷9號,63,6300600,6300600-025,10鄰,承德路,3段,299巷,,,,9號,121.52082382636,25.075615243347
臺北市大同區重慶里10鄰承德路三段301巷10號,63,6300600,6300600-025,10鄰,承德路,3段,301巷,,,,10號,121.52091458785,25.075866157429
臺北市大同區重慶里9鄰承德路三段299巷10號,63,6300600,6300600-025,9鄰,承德路,3段,299巷,,,,10號,121.52097020538,25.075399329412
臺北市大同區重慶里9鄰承德路三段299巷11號,63,6300600,6300600-025,9鄰,承德路,3段,299巷,,,,11號,121.52088542709,25.07557150296
臺北市大同區重慶里6鄰承德路三段301巷11號,63,6300600,6300600-025,6鄰,承德路,3段,301巷,,,,11號,121.52122837633,25.075955544017
臺北市大同區重慶里9鄰承德路三段299巷12號,63,6300600,6300600-025,9鄰,承德路,3段,299巷,,,,12號,121.52104473831,25.075375802515
臺北市大同區重慶里9鄰承德路三段301巷12號,63,6300600,6300600-025,9鄰,承德路,3段,301巷,,,,12號,121.52098027854,25.075847220758
臺北市大同區重慶里9鄰承德路三段299巷13號,63,6300600,6300600-025,9鄰,承德路,3段,299巷,,,,13號,121.52095161858,25.07555148118
臺北市大同區重慶里9鄰承德路三段299巷14號,63,6300600,6300600-025,9鄰,承德路,3段,299巷,,,,14號,121.52107791134,25.075365330892
臺北市大同區重慶里9鄰承德路三段301巷14號,63,6300600,6300600-025,9鄰,承德路,3段,301巷,,,,14號,121.52105384024,25.0758260265
臺北市大同區重慶里9鄰承德路三段299巷15號,63,6300600,6300600-025,9鄰,承德路,3段,299巷,,,,15號,121.52100755361,25.07553455588
臺北市大同區重慶里9鄰承德路三段301巷16號,63,6300600,6300600-025,9鄰,承德路,3段,301巷,,,,16號,121.52108603713,25.075816759032
臺北市大同區重慶里9鄰承德路三段299巷17號,63,6300600,6300600-025,9鄰,承德路,3段,299巷,,,,17號,121.52110172249,25.075506075855
臺北市大同區重慶里9鄰承德路三段301巷18號,63,6300600,6300600-025,9鄰,承德路,3段,301巷,,,,18號,121.52117316268,25.07579166212
臺北市大同區重慶里9鄰承德路三段299巷19號,63,6300600,6300600-025,9鄰,承德路,3段,299巷,,,,19號,121.52116463698,25.075487040515
臺北市大同區重慶里9鄰承德路三段301巷20號,63,6300600,6300600-025,9鄰,承德路,3段,301巷,,,,20號,121.52119513216,25.075785328542
臺北市大同區重慶里10鄰承德路三段287號,63,6300600,6300600-025,10鄰,承德路,3段,,,,,287號,121.52039296119,25.074071919511
臺北市大同區重慶里10鄰承德路三段287之1號,63,6300600,6300600-025,10鄰,承德路,3段,,,,,287之1號,121.5206066901,25.07432375692
臺北市大同區重慶里10鄰承德路三段287之2號,63,6300600,6300600-025,10鄰,承德路,3段,,,,,287之2號,121.52071035192,25.074686131406
臺北市大同區重慶里10鄰承德路三段289號,63,6300600,6300600-025,10鄰,承德路,3段,,,,,289號,121.52013816365,25.074556472394
臺北市大同區重慶里10鄰承德路三段291號,63,6300600,6300600-025,10鄰,承德路,3段,,,,,291號,121.52040854651,25.075317934616
臺北市大同區重慶里15鄰承德路三段292號,63,6300600,6300600-025,15鄰,承德路,3段,,,,,292號,121.51949106279,25.074113312394
臺北市大同區重慶里10鄰承德路三段293號,63,6300600,6300600-025,10鄰,承德路,3段,,,,,293號,121.52043411552,25.075391640257
臺北市大同區重慶里15鄰承德路三段294號,63,6300600,6300600-025,15鄰,承德路,3段,,,,,294號,121.51950990233,25.074154594944
臺北市大同區重慶里10鄰承德路三段295號,63,6300600,6300600-025,10鄰,承德路,3段,,,,,295號,121.52044272964,25.075415092015
臺北市大同區重慶里15鄰承德路三段296號,63,6300600,6300600-025,15鄰,承德路,3段,,,,,296號,121.51952931211,25.074197112339
臺北市大同區重慶里10鄰承德路三段297號,63,6300600,6300600-025,10鄰,承德路,3段,,,,,297號,121.5204655539,25.075477314564
臺北市大同區重慶里10鄰承德路三段297之1號,63,6300600,6300600-025,10鄰,承德路,3段,,,,,297之1號,121.52048293648,25.075523206391
臺北市大同區重慶里15鄰承德路三段298號,63,6300600,6300600-025,15鄰,承德路,3段,,,,,298號,121.51954746133,25.074236880587
臺北市大同區重慶里15鄰承德路三段300號,63,6300600,6300600-025,15鄰,承德路,3段,,,,,300號,121.51956563056,25.074276693903
臺北市大同區重慶里15鄰承德路三段302號,63,6300600,6300600-025,15鄰,承德路,3段,,,,,302號,121.51958238906,25.074313406503
臺北市大同區重慶里6鄰承德路三段303號,63,6300600,6300600-025,6鄰,承德路,3段,,,,,303號,121.52068571281,25.07609807855
臺北市大同區重慶里15鄰承德路三段304號,63,6300600,6300600-025,15鄰,承德路,3段,,,,,304號,121.51959897764,25.074349785659
臺北市大同區重慶里6鄰承德路三段305號,63,6300600,6300600-025,6鄰,承德路,3段,,,,,305號,121.52070863652,25.076165004318
臺北市大同區重慶里15鄰承德路三段306號,63,6300600,6300600-025,15鄰,承德路,3段,,,,,306號,121.51962547828,25.074416572708
臺北市大同區重慶里6鄰承德路三段307號,63,6300600,6300600-025,6鄰,承德路,3段,,,,,307號,121.52071691658,25.076189134332
臺北市大同區重慶里15鄰承德路三段308號,63,6300600,6300600-025,15鄰,承德路,3段,,,,,308號,121.51964462142,25.074475747775
臺北市大同區重慶里6鄰承德路三段309號,63,6300600,6300600-025,6鄰,承德路,3段,,,,,309號,121.52074124558,25.07626019001
臺北市大同區重慶里15鄰承德路三段310號,63,6300600,6300600-025,15鄰,承德路,3段,,,,,310號,121.51960597177,25.074517926714
臺北市大同區重慶里6鄰承德路三段311號,63,6300600,6300600-025,6鄰,承德路,3段,,,,,311號,121.5207600568,25.076313344365
臺北市大同區重慶里6鄰承德路三段311之1號,63,6300600,6300600-025,6鄰,承德路,3段,,,,,311之1號,121.52124967292,25.076157869067
臺北市大同區重慶里6鄰承德路三段311之2號,63,6300600,6300600-025,6鄰,承德路,3段,,,,,311之2號,121.52132702575,25.07593636506
臺北市大同區重慶里6鄰承德路三段311之3號,63,6300600,6300600-025,6鄰,承德路,3段,,,,,311之3號,121.521112922,25.076149709392
臺北市大同區重慶里6鄰承德路三段311之5號,63,6300600,6300600-025,6鄰,承德路,3段,,,,,311之5號,121.52148112499,25.076015044881
臺北市大同區重慶里15鄰承德路三段312號,63,6300600,6300600-025,15鄰,承德路,3段,,,,,312號,121.51970180264,25.074632021793
臺北市大同區重慶里6鄰承德路三段313號,63,6300600,6300600-025,6鄰,承德路,3段,,,,,313號,121.52018026209,25.07616827436
臺北市大同區重慶里15鄰承德路三段314號,63,6300600,6300600-025,15鄰,承德路,3段,,,,,314號,121.51971568188,25.074669972272
臺北市大同區重慶里15鄰承德路三段316號,63,6300600,6300600-025,15鄰,承德路,3段,,,,,316號,121.51973264946,25.074716271912
臺北市大同區重慶里15鄰承德路三段318號,63,6300600,6300600-025,15鄰,承德路,3段,,,,,318號,121.5197454974,25.074749432102
臺北市大同區重慶里15鄰承德路三段320號,63,6300600,6300600-025,15鄰,承德路,3段,,,,,320號,121.51975516312,25.074777827594
臺北市大同區重慶里15鄰承德路三段328號,63,6300600,6300600-025,15鄰,承德路,3段,,,,,328號,121.51982587109,25.074975348499
臺北市大同區重慶里15鄰承德路三段330號,63,6300600,6300600-025,15鄰,承德路,3段,,,,,330號,121.51983851474,25.075011759494
臺北市大同區重慶里15鄰承德路三段332號,63,6300600,6300600-025,15鄰,承德路,3段,,,,,332號,121.51985147949,25.075049090224
臺北市大同區重慶里15鄰承德路三段334號,63,6300600,6300600-025,15鄰,承德路,3段,,,,,334號,121.51986926109,25.075100343394
臺北市大同區重慶里19鄰承德路三段336號,63,6300600,6300600-025,19鄰,承德路,3段,,,,,336號,121.51988951415,25.075532661952
臺北市大同區保安里5鄰承德路三段265巷1號,63,6300600,6300600-026,5鄰,承德路,3段,265巷,,,,1號,121.51917672403,25.072432034186
臺北市大同區保安里5鄰承德路三段265巷2號,63,6300600,6300600-026,5鄰,承德路,3段,265巷,,,,2號,121.51921167297,25.072483209363
臺北市大同區保安里5鄰承德路三段283巷2號,63,6300600,6300600-026,5鄰,承德路,3段,283巷,,,,2號,121.51962518947,25.072748505375
臺北市大同區保安里5鄰承德路三段265巷3號,63,6300600,6300600-026,5鄰,承德路,3段,265巷,,,,3號,121.51932002782,25.072403771659
臺北市大同區保安里5鄰承德路三段283巷4號,63,6300600,6300600-026,5鄰,承德路,3段,283巷,,,,4號,121.51969217635,25.072712917015
臺北市大同區保安里5鄰承德路三段283巷6號,63,6300600,6300600-026,5鄰,承德路,3段,283巷,,,,6號,121.51974873244,25.072690744723
臺北市大同區保安里16鄰承德路三段254巷6號,63,6300600,6300600-026,16鄰,承德路,3段,254巷,,,,6號,121.51860939501,25.073392101594
臺北市大同區保安里5鄰承德路三段283巷8號,63,6300600,6300600-026,5鄰,承德路,3段,283巷,,,,8號,121.51987228737,25.072635845821
臺北市大同區保安里5鄰承德路三段283巷10號,63,6300600,6300600-026,5鄰,承德路,3段,283巷,,,,10號,121.51991205379,25.072611818318
臺北市大同區保安里5鄰承德路三段283巷12號,63,6300600,6300600-026,5鄰,承德路,3段,283巷,,,,12號,121.51995395606,25.072598291978
臺北市大同區保安里8鄰承德路三段224號,63,6300600,6300600-026,8鄰,承德路,3段,,,,,224號,121.51844551813,25.072289490767
臺北市大同區保安里8鄰承德路三段226號,63,6300600,6300600-026,8鄰,承德路,3段,,,,,226號,121.51846498512,25.072322212679
臺北市大同區保安里8鄰承德路三段228號,63,6300600,6300600-026,8鄰,承德路,3段,,,,,228號,121.51847888852,25.072344869681
臺北市大同區保安里8鄰承德路三段230號,63,6300600,6300600-026,8鄰,承德路,3段,,,,,230號,121.51849281318,25.072372573291
臺北市大同區保安里8鄰承德路三段232號,63,6300600,6300600-026,8鄰,承德路,3段,,,,,232號,121.51850860605,25.07240609347
臺北市大同區保安里8鄰承德路三段234號,63,6300600,6300600-026,8鄰,承德路,3段,,,,,234號,121.51852489755,25.072442681445
臺北市大同區保安里8鄰承德路三段236號,63,6300600,6300600-026,8鄰,承德路,3段,,,,,236號,121.51854317044,25.072483713328
臺北市大同區保安里8鄰承德路三段238號,63,6300600,6300600-026,8鄰,承德路,3段,,,,,238號,121.51856129321,25.072524402667
臺北市大同區保安里8鄰承德路三段240號,63,6300600,6300600-026,8鄰,承德路,3段,,,,,240號,121.51857739451,25.072560539897
臺北市大同區保安里8鄰承德路三段242號,63,6300600,6300600-026,8鄰,承德路,3段,,,,,242號,121.51860851646,25.072630407634
臺北市大同區保安里8鄰承德路三段244號,63,6300600,6300600-026,8鄰,承德路,3段,,,,,244號,121.51866785776,25.072763472467
臺北市大同區保安里8鄰承德路三段246號,63,6300600,6300600-026,8鄰,承德路,3段,,,,,246號,121.51873094975,25.072873872775
臺北市大同區保安里8鄰承德路三段248號,63,6300600,6300600-026,8鄰,承德路,3段,,,,,248號,121.51876184744,25.072935173635
臺北市大同區保安里8鄰承德路三段250號,63,6300600,6300600-026,8鄰,承德路,3段,,,,,250號,121.51882552063,25.073044669061
臺北市大同區保安里8鄰承德路三段252號,63,6300600,6300600-026,8鄰,承德路,3段,,,,,252號,121.51885330262,25.073093431792
臺北市大同區保安里5鄰承德路三段253號,63,6300600,6300600-026,5鄰,承德路,3段,,,,,253號,121.51889993536,25.072075924292
臺北市大同區保安里5鄰承德路三段255號,63,6300600,6300600-026,5鄰,承德路,3段,,,,,255號,121.51892776354,25.072126284822
臺北市大同區保安里8鄰承德路三段256號,63,6300600,6300600-026,8鄰,承德路,3段,,,,,256號,121.51897809359,25.073228127487
臺北市大同區保安里8鄰承德路三段258號,63,6300600,6300600-026,8鄰,承德路,3段,,,,,258號,121.51902144928,25.073303008066
臺北市大同區保安里5鄰承德路三段259號,63,6300600,6300600-026,5鄰,承德路,3段,,,,,259號,121.5189528156,25.072174136224
臺北市大同區保安里8鄰承德路三段260號,63,6300600,6300600-026,8鄰,承德路,3段,,,,,260號,121.51905837465,25.073366806609
臺北市大同區保安里5鄰承德路三段261號,63,6300600,6300600-026,5鄰,承德路,3段,,,,,261號,121.51898067571,25.072232062143
臺北市大同區保安里8鄰承德路三段262號,63,6300600,6300600-026,8鄰,承德路,3段,,,,,262號,121.51907626169,25.073398531843
臺北市大同區保安里5鄰承德路三段263號,63,6300600,6300600-026,5鄰,承德路,3段,,,,,263號,121.51899345359,25.072276932048
臺北市大同區保安里8鄰承德路三段264號,63,6300600,6300600-026,8鄰,承德路,3段,,,,,264號,121.51909464093,25.073429442828
臺北市大同區保安里5鄰承德路三段267號,63,6300600,6300600-026,5鄰,承德路,3段,,,,,267號,121.51910262252,25.072489377723
臺北市大同區保安里5鄰承德路三段269號,63,6300600,6300600-026,5鄰,承德路,3段,,,,,269號,121.51913251287,25.072544488785
臺北市大同區保安里8鄰承德路三段270號,63,6300600,6300600-026,8鄰,承德路,3段,,,,,270號,121.51920289317,25.073588752461
臺北市大同區保安里5鄰承德路三段271號,63,6300600,6300600-026,5鄰,承德路,3段,,,,,271號,121.51915844803,25.072597212209
臺北市大同區保安里8鄰承德路三段272號,63,6300600,6300600-026,8鄰,承德路,3段,,,,,272號,121.51922123937,25.07362121637
臺北市大同區保安里5鄰承德路三段273號,63,6300600,6300600-026,5鄰,承德路,3段,,,,,273號,121.51918549219,25.072644948262
臺北市大同區保安里5鄰承德路三段275號,63,6300600,6300600-026,5鄰,承德路,3段,,,,,275號,121.51921190723,25.07269157606
臺北市大同區保安里8鄰承德路三段276號,63,6300600,6300600-026,8鄰,承德路,3段,,,,,276號,121.51922661023,25.073684276597
臺北市大同區保安里5鄰承德路三段277號,63,6300600,6300600-026,5鄰,承德路,3段,,,,,277號,121.51924081898,25.072742609839
臺北市大同區保安里8鄰承德路三段278號,63,6300600,6300600-026,8鄰,承德路,3段,,,,,278號,121.51928075228,25.073726537116
臺北市大同區保安里5鄰承德路三段279號,63,6300600,6300600-026,5鄰,承德路,3段,,,,,279號,121.51927114888,25.072796148449
臺北市大同區保安里8鄰承德路三段280號,63,6300600,6300600-026,8鄰,承德路,3段,,,,,280號,121.51930514072,25.073769696176
臺北市大同區保安里5鄰承德路三段281號,63,6300600,6300600-026,5鄰,承德路,3段,,,,,281號,121.51930790033,25.072861021882
臺北市大同區保安里8鄰承德路三段282號,63,6300600,6300600-026,8鄰,承德路,3段,,,,,282號,121.51932930942,25.073812458766
臺北市大同區保安里8鄰承德路三段284號,63,6300600,6300600-026,8鄰,承德路,3段,,,,,284號,121.51934430007,25.073838993938
臺北市大同區保安里5鄰承德路三段285號,63,6300600,6300600-026,5鄰,承德路,3段,,,,,285號,121.51941800269,25.073115904914
臺北市大同區保安里8鄰承德路三段286號,63,6300600,6300600-026,8鄰,承德路,3段,,,,,286號,121.51937294303,25.073889676525
臺北市大同區保安里8鄰承德路三段288號,63,6300600,6300600-026,8鄰,承德路,3段,,,,,288號,121.51939664254,25.073931646275
臺北市大同區保安里8鄰承德路三段290號,63,6300600,6300600-026,8鄰,承德路,3段,,,,,290號,121.51942147052,25.073975589216
臺北市士林區義信里13鄰承德路四段195巷2號,63,6301100,6301100-002,13鄰,承德路,4段,195巷,,,,2號,121.52259846054,25.088234080121
臺北市士林區義信里12鄰承德路四段179巷5號,63,6301100,6301100-002,12鄰,承德路,4段,179巷,,,,5號,121.52308833717,25.087798204862
臺北市士林區義信里12鄰承德路四段179巷5之1號,63,6301100,6301100-002,12鄰,承德路,4段,179巷,,,,5之1號,121.5229579004,25.087951536323
臺北市士林區義信里13鄰承德路四段195巷6號,63,6301100,6301100-002,13鄰,承德路,4段,195巷,,,,6號,121.52271536111,25.088091296262
臺北市士林區義信里12鄰承德路四段179巷7號,63,6301100,6301100-002,12鄰,承德路,4段,179巷,,,,7號,121.52331458205,25.08789498209
臺北市士林區義信里12鄰承德路四段179巷7之1號,63,6301100,6301100-002,12鄰,承德路,4段,179巷,,,,7之1號,121.52329288512,25.087942573148
臺北市士林區義信里13鄰承德路四段195巷8號,63,6301100,6301100-002,13鄰,承德路,4段,195巷,,,,8號,121.52281416193,25.088135862637
臺北市士林區義信里13鄰承德路四段195巷10號,63,6301100,6301100-002,13鄰,承德路,4段,195巷,,,,10號,121.52294878783,25.088214690465
臺北市士林區義信里13鄰承德路四段195巷12號,63,6301100,6301100-002,13鄰,承德路,4段,195巷,,,,12號,121.523043371,25.088253529721
臺北市士林區義信里12鄰承德路四段175號,63,6301100,6301100-002,12鄰,承德路,4段,,,,,175號,121.52365806052,25.085812104284
臺北市士林區義信里12鄰承德路四段177號,63,6301100,6301100-002,12鄰,承德路,4段,,,,,177號,121.52304842621,25.08701487472
臺北市士林區義信里12鄰承德路四段181號,63,6301100,6301100-002,12鄰,承德路,4段,,,,,181號,121.52262349017,25.087563579211
臺北市士林區義信里12鄰承德路四段183號,63,6301100,6301100-002,12鄰,承德路,4段,,,,,183號,121.52256066264,25.087662847047
臺北市士林區義信里12鄰承德路四段185號,63,6301100,6301100-002,12鄰,承德路,4段,,,,,185號,121.52241868875,25.087889255468
臺北市士林區義信里12鄰承德路四段187號,63,6301100,6301100-002,12鄰,承德路,4段,,,,,187號,121.52239145779,25.087931737959
臺北市士林區義信里12鄰承德路四段189號,63,6301100,6301100-002,12鄰,承德路,4段,,,,,189號,121.52236427607,25.087974148048
臺北市士林區義信里12鄰承德路四段191號,63,6301100,6301100-002,12鄰,承德路,4段,,,,,191號,121.52233377539,25.08802173385
臺北市士林區義信里12鄰承德路四段191之1號,63,6301100,6301100-002,12鄰,承德路,4段,,,,,191之1號,121.52230399363,25.08806819764
臺北市士林區義信里12鄰承德路四段191之2號,63,6301100,6301100-002,12鄰,承德路,4段,,,,,191之2號,121.52226903157,25.088122750719
臺北市士林區義信里14鄰承德路四段233號,63,6301100,6301100-002,14鄰,承德路,4段,,,,,233號,121.52213269104,25.088413048486
臺北市士林區義信里14鄰承德路四段235號,63,6301100,6301100-002,14鄰,承德路,4段,,,,,235號,121.52209303352,25.088463826273
臺北市士林區義信里14鄰承德路四段237號,63,6301100,6301100-002,14鄰,承德路,4段,,,,,237號,121.52206049386,25.088507555195
臺北市士林區義信里14鄰承德路四段239號,63,6301100,6301100-002,14鄰,承德路,4段,,,,,239號,121.52202887088,25.088550044044
臺北市士林區福佳里26鄰承德路五段55號,63,6301100,6301100-007,26鄰,承德路,5段,,,,,55號,121.51416930029,25.096835133985
臺北市士林區後港里6鄰承德路四段292巷11弄1號,63,6301100,6301100-008,6鄰,承德路,4段,292巷,11弄,,,1號,121.51934756372,25.089165360866
臺北市士林區後港里6鄰承德路四段292巷1號,63,6301100,6301100-008,6鄰,承德路,4段,292巷,,,,1號,121.51931202682,25.089516305661
臺北市士林區後港里8鄰承德路四段297巷1號,63,6301100,6301100-008,8鄰,承德路,4段,297巷,,,,1號,121.51871741396,25.090127146025
臺北市士林區後港里9鄰承德路四段301巷1號,63,6301100,6301100-008,9鄰,承德路,4段,301巷,,,,1號,121.51870234082,25.090441302095
臺北市士林區後港里8鄰承德路四段297巷1之1號,63,6301100,6301100-008,8鄰,承德路,4段,297巷,,,,1之1號,121.51862054468,25.090166901055
臺北市士林區後港里22鄰承德路五段2號,63,6301100,6301100-008,22鄰,承德路,5段,,,,,2號,121.51548047604,25.090881236137
臺北市士林區後港里6鄰承德路四段292巷11弄2號,63,6301100,6301100-008,6鄰,承德路,4段,292巷,11弄,,,2號,121.51932494157,25.089050522187
臺北市士林區後港里6鄰承德路四段266巷2號,63,6301100,6301100-008,6鄰,承德路,4段,266巷,,,,2號,121.52008132568,25.08912865572
臺北市士林區後港里7鄰承德路四段297巷2號,63,6301100,6301100-008,7鄰,承德路,4段,297巷,,,,2號,121.51886397553,25.090109525437
臺北市士林區後港里1鄰承德路四段277巷2號,63,6301100,6301100-008,1鄰,承德路,4段,277巷,,,,2號,121.51984633883,25.089916949493
臺北市士林區後港里9鄰承德路四段301巷2號,63,6301100,6301100-008,9鄰,承德路,4段,301巷,,,,2號,121.5188241434,25.090429690488
臺北市士林區後港里9鄰承德路四段301巷3號,63,6301100,6301100-008,9鄰,承德路,4段,301巷,,,,3號,121.51872955988,25.09048021707
臺北市士林區後港里8鄰承德路四段297巷3號,63,6301100,6301100-008,8鄰,承德路,4段,297巷,,,,3號,121.51873967844,25.090152527243
臺北市士林區後港里6鄰承德路四段292巷11弄3號,63,6301100,6301100-008,6鄰,承德路,4段,292巷,11弄,,,3號,121.51943229229,25.089152551416
臺北市士林區後港里6鄰承德路四段292巷3號,63,6301100,6301100-008,6鄰,承德路,4段,292巷,,,,3號,121.519297395,25.089471902829
臺北市士林區後港里22鄰承德路五段4號,63,6301100,6301100-008,22鄰,承德路,5段,,,,,4號,121.51545173261,25.090970451748
臺北市士林區後港里6鄰承德路四段292巷11弄4號,63,6301100,6301100-008,6鄰,承德路,4段,292巷,11弄,,,4號,121.51940301608,25.089037275614
臺北市士林區後港里6鄰承德路四段266巷4號,63,6301100,6301100-008,6鄰,承德路,4段,266巷,,,,4號,121.52011295133,25.089079567776
臺北市士林區後港里7鄰承德路四段297巷4號,63,6301100,6301100-008,7鄰,承德路,4段,297巷,,,,4號,121.51889134686,25.090132839409
臺北市士林區後港里9鄰承德路四段301巷4號,63,6301100,6301100-008,9鄰,承德路,4段,301巷,,,,4號,121.51885305641,25.090472987141
臺北市士林區後港里9鄰承德路四段301巷5號,63,6301100,6301100-008,9鄰,承德路,4段,301巷,,,,5號,121.51875306861,25.0905138275
臺北市士林區後港里8鄰承德路四段297巷5號,63,6301100,6301100-008,8鄰,承德路,4段,297巷,,,,5號,121.51876284941,25.090178934483
臺北市士林區後港里6鄰承德路四段292巷11弄5號,63,6301100,6301100-008,6鄰,承德路,4段,292巷,11弄,,,5號,121.51957436532,25.08915223454
臺北市士林區後港里22鄰承德路五段6號,63,6301100,6301100-008,22鄰,承德路,5段,,,,,6號,121.51543216911,25.091031188119
臺北市士林區後港里6鄰承德路四段292巷11弄6號,63,6301100,6301100-008,6鄰,承德路,4段,292巷,11弄,,,6號,121.51953336874,25.089066972883
臺北市士林區後港里6鄰承德路四段266巷6號,63,6301100,6301100-008,6鄰,承德路,4段,266巷,,,,6號,121.52014857566,25.089024263548
臺北市士林區後港里7鄰承德路四段297巷6號,63,6301100,6301100-008,7鄰,承德路,4段,297巷,,,,6號,121.51892974236,25.090165540086
臺北市士林區後港里1鄰承德路四段277巷6號,63,6301100,6301100-008,1鄰,承德路,4段,277巷,,,,6號,121.51977113848,25.090061535098
臺北市士林區後港里9鄰承德路四段301巷6號,63,6301100,6301100-008,9鄰,承德路,4段,301巷,,,,6號,121.51887619276,25.090507619021
臺北市士林區後港里9鄰承德路四段301巷7號,63,6301100,6301100-008,9鄰,承德路,4段,301巷,,,,7號,121.5187753605,25.090545690743
臺北市士林區後港里8鄰承德路四段297巷7號,63,6301100,6301100-008,8鄰,承德路,4段,297巷,,,,7號,121.51878566643,25.09020133451
臺北市士林區後港里6鄰承德路四段292巷11弄7號,63,6301100,6301100-008,6鄰,承德路,4段,292巷,11弄,,,7號,121.51966048054,25.089139131207
臺北市士林區後港里6鄰承德路四段292巷7號,63,6301100,6301100-008,6鄰,承德路,4段,292巷,,,,7號,121.51920404478,25.089250618341
臺北市士林區後港里22鄰承德路五段8號,63,6301100,6301100-008,22鄰,承德路,5段,,,,,8號,121.51541231207,25.091092855394
臺北市士林區後港里6鄰承德路四段292巷11弄8號,63,6301100,6301100-008,6鄰,承德路,4段,292巷,11弄,,,8號,121.51962244397,25.089057578759
臺北市士林區後港里6鄰承德路四段266巷8號,63,6301100,6301100-008,6鄰,承德路,4段,266巷,,,,8號,121.52024891727,25.088910402277
臺北市士林區後港里7鄰承德路四段297巷8號,63,6301100,6301100-008,7鄰,承德路,4段,297巷,,,,8號,121.51895945953,25.090190308381
臺北市士林區後港里2鄰承德路四段277巷8號,63,6301100,6301100-008,2鄰,承德路,4段,277巷,,,,8號,121.51972028362,25.090097500369
臺北市士林區後港里9鄰承德路四段301巷8號,63,6301100,6301100-008,9鄰,承德路,4段,301巷,,,,8號,121.51890088572,25.090544628855
臺北市士林區後港里9鄰承德路四段301巷9號,63,6301100,6301100-008,9鄰,承德路,4段,301巷,,,,9號,121.5187976325,25.090577535995
臺北市士林區後港里8鄰承德路四段297巷9號,63,6301100,6301100-008,8鄰,承德路,4段,297巷,,,,9號,121.51880904607,25.090223145744
臺北市士林區後港里6鄰承德路四段292巷11弄9號,63,6301100,6301100-008,6鄰,承德路,4段,292巷,11弄,,,9號,121.51974018614,25.08913885203
臺北市士林區後港里6鄰承德路四段292巷9號,63,6301100,6301100-008,6鄰,承德路,4段,292巷,,,,9號,121.51919375454,25.089191945036
臺北市士林區後港里22鄰承德路五段10號,63,6301100,6301100-008,22鄰,承德路,5段,,,,,10號,121.51543030052,25.091193338144
臺北市士林區後港里2鄰承德路四段277巷10號,63,6301100,6301100-008,2鄰,承德路,4段,277巷,,,,10號,121.51971602139,25.09012583624
臺北市士林區後港里6鄰承德路四段292巷11弄10號,63,6301100,6301100-008,6鄰,承德路,4段,292巷,11弄,,,10號,121.51968531465,25.089045261001
臺北市士林區後港里7鄰承德路四段297巷10號,63,6301100,6301100-008,7鄰,承德路,4段,297巷,,,,10號,121.51898737566,25.090213503064
臺北市士林區後港里9鄰承德路四段301巷10號,63,6301100,6301100-008,9鄰,承德路,4段,301巷,,,,10號,121.51892349336,25.090578477138
臺北市士林區後港里9鄰承德路四段301巷11號,63,6301100,6301100-008,9鄰,承德路,4段,301巷,,,,11號,121.51882015387,25.090609741493
臺北市士林區後港里8鄰承德路四段297巷11號,63,6301100,6301100-008,8鄰,承德路,4段,297巷,,,,11號,121.51883042517,25.090243095166
臺北市士林區後港里6鄰承德路四段292巷11弄11號,63,6301100,6301100-008,6鄰,承德路,4段,292巷,11弄,,,11號,121.51979835534,25.089118931032
臺北市士林區後港里5鄰承德路四段266巷11號,63,6301100,6301100-008,5鄰,承德路,4段,266巷,,,,11號,121.5204009196,25.089038067326
臺北市士林區後港里22鄰承德路五段12號,63,6301100,6301100-008,22鄰,承德路,5段,,,,,12號,121.51551088832,25.091213994174
臺北市士林區後港里2鄰承德路四段277巷12號,63,6301100,6301100-008,2鄰,承德路,4段,277巷,,,,12號,121.51986794501,25.090161903651
臺北市士林區後港里6鄰承德路四段292巷11弄12號,63,6301100,6301100-008,6鄰,承德路,4段,292巷,11弄,,,12號,121.51975966713,25.088986399589
臺北市士林區後港里7鄰承德路四段297巷12號,63,6301100,6301100-008,7鄰,承德路,4段,297巷,,,,12號,121.51901923147,25.090239961137
臺北市士林區後港里9鄰承德路四段301巷12號,63,6301100,6301100-008,9鄰,承德路,4段,301巷,,,,12號,121.5189490841,25.090616792887
臺北市士林區後港里9鄰承德路四段301巷13號,63,6301100,6301100-008,9鄰,承德路,4段,301巷,,,,13號,121.51884130878,25.090639983654
臺北市士林區後港里8鄰承德路四段297巷13號,63,6301100,6301100-008,8鄰,承德路,4段,297巷,,,,13號,121.51884784294,25.090259338888
臺北市士林區後港里6鄰承德路四段292巷11弄13號,63,6301100,6301100-008,6鄰,承德路,4段,292巷,11弄,,,13號,121.51987580556,25.089112791461
臺北市士林區後港里5鄰承德路四段266巷13號,63,6301100,6301100-008,5鄰,承德路,4段,266巷,,,,13號,121.5202915701,25.088983993704
臺北市士林區後港里13鄰承德路四段292巷13號,63,6301100,6301100-008,13鄰,承德路,4段,292巷,,,,13號,121.51917090778,25.089054383552
臺北市士林區後港里2鄰承德路四段277巷14號,63,6301100,6301100-008,2鄰,承德路,4段,277巷,,,,14號,121.51989293068,25.090193053099
臺北市士林區後港里7鄰承德路四段297巷14號,63,6301100,6301100-008,7鄰,承德路,4段,297巷,,,,14號,121.51905920548,25.090273170856
臺北市士林區後港里9鄰承德路四段301巷14號,63,6301100,6301100-008,9鄰,承德路,4段,301巷,,,,14號,121.51897185149,25.090650902416
臺北市士林區後港里9鄰承德路四段301巷15號,63,6301100,6301100-008,9鄰,承德路,4段,301巷,,,,15號,121.51885946145,25.090665920911
臺北市士林區後港里8鄰承德路四段297巷15號,63,6301100,6301100-008,8鄰,承德路,4段,297巷,,,,15號,121.51886927178,25.090279324242
臺北市士林區後港里5鄰承德路四段266巷15號,63,6301100,6301100-008,5鄰,承德路,4段,266巷,,,,15號,121.52031306641,25.088954288315
臺北市士林區後港里25鄰承德路五段150巷15號,63,6301100,6301100-008,25鄰,承德路,5段,150巷,,,,15號,121.51262738842,25.097183896718
臺北市士林區後港里13鄰承德路四段292巷15號,63,6301100,6301100-008,13鄰,承德路,4段,292巷,,,,15號,121.5191559925,25.08897566613
臺北市士林區後港里2鄰承德路四段277巷16號,63,6301100,6301100-008,2鄰,承德路,4段,277巷,,,,16號,121.51997158643,25.090218660839
臺北市士林區後港里7鄰承德路四段297巷16號,63,6301100,6301100-008,7鄰,承德路,4段,297巷,,,,16號,121.51909542556,25.090309535453
臺北市士林區後港里9鄰承德路四段301巷16號,63,6301100,6301100-008,9鄰,承德路,4段,301巷,,,,16號,121.51899444929,25.090684759749
臺北市士林區後港里9鄰承德路四段301巷17號,63,6301100,6301100-008,9鄰,承德路,4段,301巷,,,,17號,121.51888084588,25.090696514357
臺北市士林區後港里8鄰承德路四段297巷17號,63,6301100,6301100-008,8鄰,承德路,4段,297巷,,,,17號,121.51895073093,25.09029974063
臺北市士林區後港里2鄰承德路四段277巷18號,63,6301100,6301100-008,2鄰,承德路,4段,277巷,,,,18號,121.51972614629,25.090187534468
臺北市士林區後港里7鄰承德路四段297巷18號,63,6301100,6301100-008,7鄰,承德路,4段,297巷,,,,18號,121.5191271534,25.090345599777
臺北市士林區後港里9鄰承德路四段301巷18號,63,6301100,6301100-008,9鄰,承德路,4段,301巷,,,,18號,121.51901373467,25.090713636164
臺北市士林區後港里9鄰承德路四段301巷19號,63,6301100,6301100-008,9鄰,承德路,4段,301巷,,,,19號,121.51890280866,25.090727900244
臺北市士林區後港里8鄰承德路四段297巷19號,63,6301100,6301100-008,8鄰,承德路,4段,297巷,,,,19號,121.51897179631,25.090318165391
臺北市士林區後港里5鄰承德路四段266巷19號,63,6301100,6301100-008,5鄰,承德路,4段,266巷,,,,19號,121.52039850715,25.088830981704
臺北市士林區後港里23鄰承德路五段20號,63,6301100,6301100-008,23鄰,承德路,5段,,,,,20號,121.51546321311,25.091642531098
臺北市士林區後港里2鄰承德路四段277巷20號,63,6301100,6301100-008,2鄰,承德路,4段,277巷,,,,20號,121.51991511004,25.09027565411
臺北市士林區後港里7鄰承德路四段297巷20號,63,6301100,6301100-008,7鄰,承德路,4段,297巷,,,,20號,121.51915920998,25.090382033093
臺北市士林區後港里9鄰承德路四段301巷20號,63,6301100,6301100-008,9鄰,承德路,4段,301巷,,,,20號,121.51903387813,25.09074380961
臺北市士林區後港里9鄰承德路四段301巷21號,63,6301100,6301100-008,9鄰,承德路,4段,301巷,,,,21號,121.51892686618,25.090762321248
臺北市士林區後港里8鄰承德路四段297巷21號,63,6301100,6301100-008,8鄰,承德路,4段,297巷,,,,21號,121.51900084195,25.090343540904
臺北市士林區後港里5鄰承德路四段266巷21號,63,6301100,6301100-008,5鄰,承德路,4段,266巷,,,,21號,121.52044083134,25.088768259947
臺北市士林區後港里23鄰承德路五段22號,63,6301100,6301100-008,23鄰,承德路,5段,,,,,22號,121.51543294752,25.091721053765
臺北市士林區後港里2鄰承德路四段277巷22號,63,6301100,6301100-008,2鄰,承德路,4段,277巷,,,,22號,121.51988440852,25.0902643322
臺北市士林區後港里7鄰承德路四段297巷22號,63,6301100,6301100-008,7鄰,承德路,4段,297巷,,,,22號,121.51918898529,25.090415856255
臺北市士林區後港里9鄰承德路四段301巷22號,63,6301100,6301100-008,9鄰,承德路,4段,301巷,,,,22號,121.51905281434,25.090772163614
臺北市士林區後港里9鄰承德路四段301巷23號,63,6301100,6301100-008,9鄰,承德路,4段,301巷,,,,23號,121.51895498302,25.090802515019
臺北市士林區後港里8鄰承德路四段297巷23號,63,6301100,6301100-008,8鄰,承德路,4段,297巷,,,,23號,121.51902892242,25.09036808018
臺北市士林區後港里2鄰承德路四段277巷24號,63,6301100,6301100-008,2鄰,承德路,4段,277巷,,,,24號,121.51971536561,25.090249883719
臺北市士林區後港里23鄰承德路五段24號,63,6301100,6301100-008,23鄰,承德路,5段,,,,,24號,121.51538277282,25.091851222753
臺北市士林區後港里7鄰承德路四段297巷24號,63,6301100,6301100-008,7鄰,承德路,4段,297巷,,,,24號,121.51922246269,25.090453024884
臺北市士林區後港里9鄰承德路四段301巷24號,63,6301100,6301100-008,9鄰,承德路,4段,301巷,,,,24號,121.51907295782,25.090802337055
臺北市士林區後港里9鄰承德路四段301巷25號,63,6301100,6301100-008,9鄰,承德路,4段,301巷,,,,25號,121.51898902449,25.09085118344
臺北市士林區後港里8鄰承德路四段297巷25號,63,6301100,6301100-008,8鄰,承德路,4段,297巷,,,,25號,121.51905590772,25.09039621644
臺北市士林區後港里23鄰承德路五段26號,63,6301100,6301100-008,23鄰,承德路,5段,,,,,26號,121.51535732258,25.091917251931
臺北市士林區後港里7鄰承德路四段297巷26號,63,6301100,6301100-008,7鄰,承德路,4段,297巷,,,,26號,121.51925124727,25.090484648659
臺北市士林區後港里8鄰承德路四段297巷27號,63,6301100,6301100-008,8鄰,承德路,4段,297巷,,,,27號,121.51908273334,25.090426447757
臺北市士林區後港里9鄰承德路四段301巷27號,63,6301100,6301100-008,9鄰,承德路,4段,301巷,,,,27號,121.51903203271,25.090912676404
臺北市士林區後港里7鄰承德路四段297巷28號,63,6301100,6301100-008,7鄰,承德路,4段,297巷,,,,28號,121.5192786973,25.090514823586
臺北市士林區後港里9鄰承德路四段301巷29號,63,6301100,6301100-008,9鄰,承德路,4段,301巷,,,,29號,121.51905318775,25.09094292756
臺北市士林區後港里8鄰承德路四段297巷29號,63,6301100,6301100-008,8鄰,承德路,4段,297巷,,,,29號,121.5191074472,25.090454303057
臺北市士林區後港里23鄰承德路五段30號,63,6301100,6301100-008,23鄰,承德路,5段,,,,,30號,121.51527087794,25.092117405802
臺北市士林區後港里7鄰承德路四段297巷30號,63,6301100,6301100-008,7鄰,承德路,4段,297巷,,,,30號,121.51930808954,25.090547131354
臺北市士林區後港里8鄰承德路四段297巷31號,63,6301100,6301100-008,8鄰,承德路,4段,297巷,,,,31號,121.51913849673,25.090489367639
臺北市士林區後港里23鄰承德路五段32號,63,6301100,6301100-008,23鄰,承德路,5段,,,,,32號,121.51524062307,25.092191441457
臺北市士林區後港里7鄰承德路四段297巷32號,63,6301100,6301100-008,7鄰,承德路,4段,297巷,,,,32號,121.51933908531,25.090581184941
臺北市士林區後港里7鄰承德路四段277巷33號,63,6301100,6301100-008,7鄰,承德路,4段,277巷,,,,33號,121.51965257905,25.089930159147
臺北市士林區後港里8鄰承德路四段297巷33號,63,6301100,6301100-008,8鄰,承德路,4段,297巷,,,,33號,121.51915796127,25.090511364047
臺北市士林區後港里23鄰承德路五段34號,63,6301100,6301100-008,23鄰,承德路,5段,,,,,34號,121.51518649181,25.092323863069
臺北市士林區後港里7鄰承德路四段277巷35號,63,6301100,6301100-008,7鄰,承德路,4段,277巷,,,,35號,121.51951817782,25.090409314215
臺北市士林區後港里8鄰承德路四段297巷35號,63,6301100,6301100-008,8鄰,承德路,4段,297巷,,,,35號,121.51918397047,25.090540758594
臺北市士林區後港里7鄰承德路四段277巷35之1號,63,6301100,6301100-008,7鄰,承德路,4段,277巷,,,,35之1號,121.51944257247,25.090392380524
臺北市士林區後港里23鄰承德路五段36號,63,6301100,6301100-008,23鄰,承德路,5段,,,,,36號,121.51515848413,25.092392401858
臺北市士林區後港里2鄰承德路四段277巷36號,63,6301100,6301100-008,2鄰,承德路,4段,277巷,,,,36號,121.51981137394,25.090356060126
臺北市士林區後港里2鄰承德路四段277巷36之1號,63,6301100,6301100-008,2鄰,承德路,4段,277巷,,,,36之1號,121.51973173713,25.090400973707
臺北市士林區後港里7鄰承德路四段277巷37號,63,6301100,6301100-008,7鄰,承德路,4段,277巷,,,,37號,121.51950370351,25.090460960108
臺北市士林區後港里8鄰承德路四段297巷37號,63,6301100,6301100-008,8鄰,承德路,4段,297巷,,,,37號,121.5192067024,25.090566454083
臺北市士林區後港里2鄰承德路四段277巷38號,63,6301100,6301100-008,2鄰,承德路,4段,277巷,,,,38號,121.51972536663,25.090448889739
臺北市士林區後港里7鄰承德路四段277巷39號,63,6301100,6301100-008,7鄰,承德路,4段,277巷,,,,39號,121.51954229895,25.090576167119
臺北市士林區後港里8鄰承德路四段297巷39號,63,6301100,6301100-008,8鄰,承德路,4段,297巷,,,,39號,121.51922827882,25.090590844548
臺北市士林區後港里2鄰承德路四段277巷40號,63,6301100,6301100-008,2鄰,承德路,4段,277巷,,,,40號,121.51969059658,25.090539941882
臺北市士林區後港里7鄰承德路四段277巷41號,63,6301100,6301100-008,7鄰,承德路,4段,277巷,,,,41號,121.51951708169,25.090612259216
臺北市士林區後港里8鄰承德路四段297巷41號,63,6301100,6301100-008,8鄰,承德路,4段,297巷,,,,41號,121.51924408753,25.090608700842
臺北市士林區後港里2鄰承德路四段277巷42號,63,6301100,6301100-008,2鄰,承德路,4段,277巷,,,,42號,121.5196685684,25.090582306345
臺北市士林區後港里2鄰承德路四段277巷42之1號,63,6301100,6301100-008,2鄰,承德路,4段,277巷,,,,42之1號,121.51965706773,25.090612689846
臺北市士林區後港里7鄰承德路四段277巷43號,63,6301100,6301100-008,7鄰,承德路,4段,277巷,,,,43號,121.51948547869,25.090657464897
臺北市士林區後港里8鄰承德路四段297巷43號,63,6301100,6301100-008,8鄰,承德路,4段,297巷,,,,43號,121.51926238668,25.090629392248
臺北市士林區後港里25鄰承德路五段44號,63,6301100,6301100-008,25鄰,承德路,5段,,,,,44號,121.51504371017,25.092655489081
臺北市士林區後港里7鄰承德路四段277巷45號,63,6301100,6301100-008,7鄰,承德路,4段,277巷,,,,45號,121.51945580721,25.090699928315
臺北市士林區後港里25鄰承德路五段46號,63,6301100,6301100-008,25鄰,承德路,5段,,,,,46號,121.51502110891,25.092710629526
臺北市士林區後港里2鄰承德路四段277巷46號,63,6301100,6301100-008,2鄰,承德路,4段,277巷,,,,46號,121.51964834328,25.09068071052
臺北市士林區後港里2鄰承德路四段277巷48號,63,6301100,6301100-008,2鄰,承德路,4段,277巷,,,,48號,121.51961250778,25.090728431817
臺北市士林區後港里25鄰承德路五段48號,63,6301100,6301100-008,25鄰,承德路,5段,,,,,48號,121.51502501046,25.092782948597
臺北市士林區後港里8鄰承德路四段277巷49號,63,6301100,6301100-008,8鄰,承德路,4段,277巷,,,,49號,121.51939234923,25.090763554353
臺北市士林區後港里25鄰承德路五段50號,63,6301100,6301100-008,25鄰,承德路,5段,,,,,50號,121.51500823208,25.092819940532
臺北市士林區後港里2鄰承德路四段277巷50號,63,6301100,6301100-008,2鄰,承德路,4段,277巷,,,,50號,121.51957907772,25.090772948757
臺北市士林區後港里8鄰承德路四段277巷51號,63,6301100,6301100-008,8鄰,承德路,4段,277巷,,,,51號,121.51936503954,25.090806569223
臺北市士林區後港里2鄰承德路四段277巷52號,63,6301100,6301100-008,2鄰,承德路,4段,277巷,,,,52號,121.5195357793,25.09083060895
臺北市士林區後港里25鄰承德路五段52號,63,6301100,6301100-008,25鄰,承德路,5段,,,,,52號,121.51500065552,25.092840731312
臺北市士林區後港里8鄰承德路四段277巷53號,63,6301100,6301100-008,8鄰,承德路,4段,277巷,,,,53號,121.51933966775,25.090846002203
臺北市士林區後港里25鄰承德路五段54號,63,6301100,6301100-008,25鄰,承德路,5段,,,,,54號,121.51499442856,25.092859459016
臺北市士林區後港里2鄰承德路四段277巷54號,63,6301100,6301100-008,2鄰,承德路,4段,277巷,,,,54號,121.51946437128,25.090875674136
臺北市士林區後港里25鄰承德路五段54之1號,63,6301100,6301100-008,25鄰,承德路,5段,,,,,54之1號,121.51497728815,25.092902338482
臺北市士林區後港里8鄰承德路四段277巷55號,63,6301100,6301100-008,8鄰,承德路,4段,277巷,,,,55號,121.51931036487,25.09088186481
臺北市士林區後港里25鄰承德路五段56號,63,6301100,6301100-008,25鄰,承德路,5段,,,,,56號,121.51470484379,25.092870268403
臺北市士林區後港里3鄰承德路四段277巷56號,63,6301100,6301100-008,3鄰,承德路,4段,277巷,,,,56號,121.51942330499,25.090945451129
臺北市士林區後港里8鄰承德路四段277巷57號,63,6301100,6301100-008,8鄰,承德路,4段,277巷,,,,57號,121.51928691308,25.090908778207
臺北市士林區後港里3鄰承德路四段277巷58號,63,6301100,6301100-008,3鄰,承德路,4段,277巷,,,,58號,121.51937631939,25.091003331829
臺北市士林區後港里25鄰承德路五段58號,63,6301100,6301100-008,25鄰,承德路,5段,,,,,58號,121.51468480282,25.092916561469
臺北市士林區後港里25鄰承德路五段60號,63,6301100,6301100-008,25鄰,承德路,5段,,,,,60號,121.51488723712,25.092984914487
臺北市士林區後港里3鄰承德路四段277巷60號,63,6301100,6301100-008,3鄰,承德路,4段,277巷,,,,60號,121.51933516796,25.091052958527
臺北市士林區後港里25鄰承德路五段60之1號,63,6301100,6301100-008,25鄰,承德路,5段,,,,,60之1號,121.51476951734,25.092954149189
臺北市士林區後港里9鄰承德路四段277巷61號,63,6301100,6301100-008,9鄰,承德路,4段,277巷,,,,61號,121.51908828823,25.091087497047
臺北市士林區後港里25鄰承德路五段62號,63,6301100,6301100-008,25鄰,承德路,5段,,,,,62號,121.51486214017,25.093040722615
臺北市士林區後港里3鄰承德路四段277巷62號,63,6301100,6301100-008,3鄰,承德路,4段,277巷,,,,62號,121.51927734277,25.09114992338
臺北市士林區後港里25鄰承德路五段62之1號,63,6301100,6301100-008,25鄰,承德路,5段,,,,,62之1號,121.5147494897,25.093010734176
臺北市士林區後港里9鄰承德路四段277巷63號,63,6301100,6301100-008,9鄰,承德路,4段,277巷,,,,63號,121.5190338267,25.091121732293
臺北市士林區後港里25鄰承德路五段64號,63,6301100,6301100-008,25鄰,承德路,5段,,,,,64號,121.51462071527,25.093039113659
臺北市士林區後港里3鄰承德路四段277巷64號,63,6301100,6301100-008,3鄰,承德路,4段,277巷,,,,64號,121.51923299694,25.091222564657
臺北市士林區後港里9鄰承德路四段277巷65號,63,6301100,6301100-008,9鄰,承德路,4段,277巷,,,,65號,121.51899815184,25.09114416536
臺北市士林區後港里3鄰承德路四段277巷66號,63,6301100,6301100-008,3鄰,承德路,4段,277巷,,,,66號,121.51912107277,25.091258824687
臺北市士林區後港里25鄰承德路五段66號,63,6301100,6301100-008,25鄰,承德路,5段,,,,,66號,121.51453776297,25.093008047012
臺北市士林區後港里9鄰承德路四段277巷67號,63,6301100,6301100-008,9鄰,承德路,4段,277巷,,,,67號,121.51895190695,25.091173234883
臺北市士林區後港里3鄰承德路四段277巷68號,63,6301100,6301100-008,3鄰,承德路,4段,277巷,,,,68號,121.51909546771,25.09130175229
臺北市士林區後港里9鄰承德路四段277巷69號,63,6301100,6301100-008,9鄰,承德路,4段,277巷,,,,69號,121.5188847627,25.091213879199
臺北市士林區後港里3鄰承德路四段277巷70號,63,6301100,6301100-008,3鄰,承德路,4段,277巷,,,,70號,121.51909606955,25.091371554934
臺北市士林區後港里9鄰承德路四段277巷71號,63,6301100,6301100-008,9鄰,承德路,4段,277巷,,,,71號,121.51881683233,25.091223280211
臺北市士林區後港里9鄰承德路四段277巷71之1號,63,6301100,6301100-008,9鄰,承德路,4段,277巷,,,,71之1號,121.51877053451,25.091232759031
臺北市士林區後港里10鄰承德路四段277巷73號,63,6301100,6301100-008,10鄰,承德路,4段,277巷,,,,73號,121.51897004835,25.091328092474
臺北市士林區後港里3鄰承德路四段277巷74號,63,6301100,6301100-008,3鄰,承德路,4段,277巷,,,,74號,121.51905645461,25.09142589784
臺北市士林區後港里3鄰承德路四段277巷74之2號,63,6301100,6301100-008,3鄰,承德路,4段,277巷,,,,74之2號,121.51900740343,25.091504189004
臺北市士林區後港里10鄰承德路四段277巷75號,63,6301100,6301100-008,10鄰,承德路,4段,277巷,,,,75號,121.51893487664,25.091380514892
臺北市士林區後港里3鄰承德路四段277巷76號,63,6301100,6301100-008,3鄰,承德路,4段,277巷,,,,76號,121.51896535725,25.091569753208
臺北市士林區後港里10鄰承德路四段277巷77號,63,6301100,6301100-008,10鄰,承德路,4段,277巷,,,,77號,121.51886141855,25.091442667999
臺北市士林區後港里3鄰承德路四段277巷78號,63,6301100,6301100-008,3鄰,承德路,4段,277巷,,,,78號,121.51892713566,25.091630103876
臺北市士林區後港里25鄰承德路五段78號,63,6301100,6301100-008,25鄰,承德路,5段,,,,,78號,121.51451673615,25.093804771754
臺北市士林區後港里10鄰承德路四段277巷79號,63,6301100,6301100-008,10鄰,承德路,4段,277巷,,,,79號,121.51882700828,25.091497001672
臺北市士林區後港里25鄰承德路五段80號,63,6301100,6301100-008,25鄰,承德路,5段,,,,,80號,121.51423092958,25.094632225016
臺北市士林區後港里3鄰承德路四段277巷80號,63,6301100,6301100-008,3鄰,承德路,4段,277巷,,,,80號,121.51889046459,25.091724304233
臺北市士林區後港里10鄰承德路四段277巷81號,63,6301100,6301100-008,10鄰,承德路,4段,277巷,,,,81號,121.51881116228,25.09152203765
臺北市士林區後港里3鄰承德路四段277巷82號,63,6301100,6301100-008,3鄰,承德路,4段,277巷,,,,82號,121.51884111271,25.091785416047
臺北市士林區後港里10鄰承德路四段277巷83號,63,6301100,6301100-008,10鄰,承德路,4段,277巷,,,,83號,121.51877604289,25.091577493267
臺北市士林區後港里3鄰承德路四段277巷84號,63,6301100,6301100-008,3鄰,承德路,4段,277巷,,,,84號,121.5187941277,25.091843576431
臺北市士林區後港里10鄰承德路四段277巷85號,63,6301100,6301100-008,10鄰,承德路,4段,277巷,,,,85號,121.51876089603,25.091601407319
臺北市士林區後港里3鄰承德路四段277巷86號,63,6301100,6301100-008,3鄰,承德路,4段,277巷,,,,86號,121.5187593821,25.091886599134
臺北市士林區後港里10鄰承德路四段277巷87號,63,6301100,6301100-008,10鄰,承德路,4段,277巷,,,,87號,121.51875173844,25.091679694326
臺北市士林區後港里3鄰承德路四段277巷88號,63,6301100,6301100-008,3鄰,承德路,4段,277巷,,,,88號,121.51871651965,25.091939680353
臺北市士林區後港里10鄰承德路四段277巷89號,63,6301100,6301100-008,10鄰,承德路,4段,277巷,,,,89號,121.51873345844,25.091710588972
臺北市士林區後港里3鄰承德路四段277巷90號,63,6301100,6301100-008,3鄰,承德路,4段,277巷,,,,90號,121.51867576065,25.092014331202
臺北市士林區後港里10鄰承德路四段277巷91號,63,6301100,6301100-008,10鄰,承德路,4段,277巷,,,,91號,121.51871701921,25.091738371537
臺北市士林區後港里4鄰承德路四段277巷92號,63,6301100,6301100-008,4鄰,承德路,4段,277巷,,,,92號,121.51863871109,25.092065857311
臺北市士林區後港里11鄰承德路四段277巷93號,63,6301100,6301100-008,11鄰,承德路,4段,277巷,,,,93號,121.51866641687,25.091806249663
臺北市士林區後港里11鄰承德路四段277巷95號,63,6301100,6301100-008,11鄰,承德路,4段,277巷,,,,95號,121.51864706399,25.091841346084
臺北市士林區後港里11鄰承德路四段277巷97號,63,6301100,6301100-008,11鄰,承德路,4段,277巷,,,,97號,121.51862752427,25.091876804277
臺北市士林區後港里11鄰承德路四段277巷99號,63,6301100,6301100-008,11鄰,承德路,4段,277巷,,,,99號,121.51860604623,25.091915763091
臺北市士林區後港里11鄰承德路四段277巷101號,63,6301100,6301100-008,11鄰,承德路,4段,277巷,,,,101號,121.51858456817,25.091954721902
臺北市士林區後港里11鄰承德路四段277巷103號,63,6301100,6301100-008,11鄰,承德路,4段,277巷,,,,103號,121.51856559896,25.091989121813
臺北市士林區後港里11鄰承德路四段277巷105號,63,6301100,6301100-008,11鄰,承德路,4段,277巷,,,,105號,121.51854848388,25.092021222121
臺北市士林區後港里11鄰承德路四段277巷107號,63,6301100,6301100-008,11鄰,承德路,4段,277巷,,,,107號,121.51852631262,25.092060372935
臺北市士林區後港里5鄰承德路四段234號,63,6301100,6301100-008,5鄰,承德路,4段,,,,,234號,121.52119385897,25.088761066621
臺北市士林區後港里5鄰承德路四段236號,63,6301100,6301100-008,5鄰,承德路,4段,,,,,236號,121.52114363286,25.088844607904
臺北市士林區後港里5鄰承德路四段238號,63,6301100,6301100-008,5鄰,承德路,4段,,,,,238號,121.52108189149,25.088877731929
臺北市士林區後港里5鄰承德路四段242號,63,6301100,6301100-008,5鄰,承德路,4段,,,,,242號,121.52089219625,25.088960751723
臺北市士林區後港里5鄰承德路四段244號,63,6301100,6301100-008,5鄰,承德路,4段,,,,,244號,121.5208499472,25.088984977804
臺北市士林區後港里5鄰承德路四段246號,63,6301100,6301100-008,5鄰,承德路,4段,,,,,246號,121.52075724059,25.089038144289
臺北市士林區後港里5鄰承德路四段248號,63,6301100,6301100-008,5鄰,承德路,4段,,,,,248號,121.52069509594,25.089083782426
臺北市士林區後港里5鄰承德路四段248之1號,63,6301100,6301100-008,5鄰,承德路,4段,,,,,248之1號,121.52052524846,25.089010014456
臺北市士林區後港里5鄰承德路四段248之2號,63,6301100,6301100-008,5鄰,承德路,4段,,,,,248之2號,121.5204629491,25.088979248785
臺北市士林區後港里5鄰承德路四段250號,63,6301100,6301100-008,5鄰,承德路,4段,,,,,250號,121.52058403065,25.089156116549
臺北市士林區後港里4鄰承德路四段253號,63,6301100,6301100-008,4鄰,承德路,4段,,,,,253號,121.52097975269,25.089393473954
臺北市士林區後港里5鄰承德路四段255號,63,6301100,6301100-008,5鄰,承德路,4段,,,,,255號,121.52079116414,25.089489887339
臺北市士林區後港里5鄰承德路四段257號,63,6301100,6301100-008,5鄰,承德路,4段,,,,,257號,121.5206973054,25.089526247634
臺北市士林區後港里5鄰承德路四段259號,63,6301100,6301100-008,5鄰,承德路,4段,,,,,259號,121.52065725979,25.089541762904
臺北市士林區後港里5鄰承德路四段261號,63,6301100,6301100-008,5鄰,承德路,4段,,,,,261號,121.52054960373,25.089583470978
臺北市士林區後港里5鄰承德路四段263號,63,6301100,6301100-008,5鄰,承德路,4段,,,,,263號,121.52048812716,25.089684006157
臺北市士林區後港里5鄰承德路四段263之1號,63,6301100,6301100-008,5鄰,承德路,4段,,,,,263之1號,121.52055643248,25.089709568648
臺北市士林區後港里5鄰承德路四段265號,63,6301100,6301100-008,5鄰,承德路,4段,,,,,265號,121.52044285244,25.089646906278
臺北市士林區後港里5鄰承德路四段265之1號,63,6301100,6301100-008,5鄰,承德路,4段,,,,,265之1號,121.52035266043,25.08965486033
臺北市士林區後港里4鄰承德路四段265之2號,63,6301100,6301100-008,4鄰,承德路,4段,,,,,265之2號,121.52040081514,25.08962985532
臺北市士林區後港里6鄰承德路四段268號,63,6301100,6301100-008,6鄰,承德路,4段,,,,,268號,121.51987987499,25.089383762688
臺北市士林區後港里6鄰承德路四段270號,63,6301100,6301100-008,6鄰,承德路,4段,,,,,270號,121.5198389311,25.089395516196
臺北市士林區後港里6鄰承德路四段272號,63,6301100,6301100-008,6鄰,承德路,4段,,,,,272號,121.51973232004,25.089421791107
臺北市士林區後港里6鄰承德路四段274號,63,6301100,6301100-008,6鄰,承德路,4段,,,,,274號,121.51971443597,25.089431279019
臺北市士林區後港里6鄰承德路四段276號,63,6301100,6301100-008,6鄰,承德路,4段,,,,,276號,121.51966731786,25.089436490725
臺北市士林區後港里6鄰承德路四段278號,63,6301100,6301100-008,6鄰,承德路,4段,,,,,278號,121.5196374169,25.089448006883
臺北市士林區後港里11鄰承德路四段279號,63,6301100,6301100-008,11鄰,承德路,4段,,,,,279號,121.51961868118,25.08986619688
臺北市士林區後港里6鄰承德路四段280號,63,6301100,6301100-008,6鄰,承德路,4段,,,,,280號,121.51960022402,25.089458275618
臺北市士林區後港里7鄰承德路四段281號,63,6301100,6301100-008,7鄰,承德路,4段,,,,,281號,121.51945430456,25.089963589095
臺北市士林區後港里6鄰承德路四段282號,63,6301100,6301100-008,6鄰,承德路,4段,,,,,282號,121.51955618868,25.089470437108
臺北市士林區後港里7鄰承德路四段283號,63,6301100,6301100-008,7鄰,承德路,4段,,,,,283號,121.51937505766,25.089981064924
臺北市士林區後港里6鄰承德路四段284號,63,6301100,6301100-008,6鄰,承德路,4段,,,,,284號,121.51950637044,25.089484198738
臺北市士林區後港里7鄰承德路四段285號,63,6301100,6301100-008,7鄰,承德路,4段,,,,,285號,121.51938763487,25.090128204936
臺北市士林區後港里6鄰承德路四段286號,63,6301100,6301100-008,6鄰,承德路,4段,,,,,286號,121.51946163202,25.08949655225
臺北市士林區後港里7鄰承德路四段287號,63,6301100,6301100-008,7鄰,承德路,4段,,,,,287號,121.51930510994,25.090153573678
臺北市士林區後港里6鄰承德路四段288號,63,6301100,6301100-008,6鄰,承德路,4段,,,,,288號,121.51941567562,25.08950924405
臺北市士林區後港里7鄰承德路四段289號,63,6301100,6301100-008,7鄰,承德路,4段,,,,,289號,121.51920903858,25.090022922153
臺北市士林區後港里6鄰承德路四段290號,63,6301100,6301100-008,6鄰,承德路,4段,,,,,290號,121.51937075896,25.089521652327
臺北市士林區後港里7鄰承德路四段291號,63,6301100,6301100-008,7鄰,承德路,4段,,,,,291號,121.51912759235,25.090043132014
臺北市士林區後港里7鄰承德路四段293號,63,6301100,6301100-008,7鄰,承德路,4段,,,,,293號,121.51883551968,25.090085285365
臺北市士林區後港里13鄰承德路四段294號,63,6301100,6301100-008,13鄰,承德路,4段,,,,,294號,121.51911339589,25.089582607471
臺北市士林區後港里13鄰承德路四段294之1號,63,6301100,6301100-008,13鄰,承德路,4段,,,,,294之1號,121.51893944422,25.089332516463
臺北市士林區後港里13鄰承德路四段294之2號,63,6301100,6301100-008,13鄰,承德路,4段,,,,,294之2號,121.5189269825,25.089276080658
臺北市士林區後港里13鄰承德路四段294之3號,63,6301100,6301100-008,13鄰,承德路,4段,,,,,294之3號,121.51885810076,25.089231235539
臺北市士林區後港里13鄰承德路四段294之4號,63,6301100,6301100-008,13鄰,承德路,4段,,,,,294之4號,121.5188011156,25.089240471865
臺北市士林區後港里13鄰承德路四段294之5號,63,6301100,6301100-008,13鄰,承德路,4段,,,,,294之5號,121.51873664071,25.089250917028
臺北市士林區後港里7鄰承德路四段295號,63,6301100,6301100-008,7鄰,承德路,4段,,,,,295號,121.51880192991,25.090056684642
臺北市士林區後港里13鄰承德路四段296號,63,6301100,6301100-008,13鄰,承德路,4段,,,,,296號,121.51907048802,25.08958944736
臺北市士林區後港里13鄰承德路四段298號,63,6301100,6301100-008,13鄰,承德路,4段,,,,,298號,121.51899936045,25.089604511181
臺北市士林區後港里8鄰承德路四段299號,63,6301100,6301100-008,8鄰,承德路,4段,,,,,299號,121.51868006725,25.090084528844
臺北市士林區後港里8鄰承德路四段299之1號,63,6301100,6301100-008,8鄰,承德路,4段,,,,,299之1號,121.51854145283,25.090080084043
臺北市士林區後港里13鄰承德路四段300號,63,6301100,6301100-008,13鄰,承德路,4段,,,,,300號,121.51893020394,25.089619152785
臺北市士林區後港里13鄰承德路四段302號,63,6301100,6301100-008,13鄰,承德路,4段,,,,,302號,121.51886775307,25.089632371562
臺北市士林區後港里13鄰承德路四段304號,63,6301100,6301100-008,13鄰,承德路,4段,,,,,304號,121.51879859652,25.089647013105
臺北市士林區後港里14鄰承德路四段305號,63,6301100,6301100-008,14鄰,承德路,4段,,,,,305號,121.51830042783,25.090256747182
臺北市士林區後港里13鄰承德路四段306號,63,6301100,6301100-008,13鄰,承德路,4段,,,,,306號,121.51862893641,25.089655252983
臺北市士林區後港里14鄰承德路四段307號,63,6301100,6301100-008,14鄰,承德路,4段,,,,,307號,121.51826308096,25.090124625957
臺北市士林區後港里13鄰承德路四段308號,63,6301100,6301100-008,13鄰,承德路,4段,,,,,308號,121.51855458727,25.089665732583
臺北市士林區後港里14鄰承德路四段309號,63,6301100,6301100-008,14鄰,承德路,4段,,,,,309號,121.51817547565,25.090146635334
臺北市士林區後港里13鄰承德路四段310號,63,6301100,6301100-008,13鄰,承德路,4段,,,,,310號,121.51844890109,25.089657525278
臺北市士林區後港里14鄰承德路四段311號,63,6301100,6301100-008,14鄰,承德路,4段,,,,,311號,121.51805974454,25.090182736322
臺北市士林區後港里13鄰承德路四段312號,63,6301100,6301100-008,13鄰,承德路,4段,,,,,312號,121.51843896619,25.08960311191
臺北市士林區後港里14鄰承德路四段313號,63,6301100,6301100-008,14鄰,承德路,4段,,,,,313號,121.51811730479,25.090305244383
臺北市士林區後港里14鄰承德路四段315號,63,6301100,6301100-008,14鄰,承德路,4段,,,,,315號,121.51805559814,25.090318731064
臺北市士林區後港里14鄰承德路四段317號,63,6301100,6301100-008,14鄰,承德路,4段,,,,,317號,121.51800057628,25.090208085983
臺北市士林區後港里17鄰承德路四段318號,63,6301100,6301100-008,17鄰,承德路,4段,,,,,318號,121.5181799974,25.089713734277
臺北市士林區後港里14鄰承德路四段319號,63,6301100,6301100-008,14鄰,承德路,4段,,,,,319號,121.51785047935,25.090278514011
臺北市士林區後港里17鄰承德路四段320號,63,6301100,6301100-008,17鄰,承德路,4段,,,,,320號,121.51806341369,25.089733253741
臺北市士林區後港里14鄰承德路四段321號,63,6301100,6301100-008,14鄰,承德路,4段,,,,,321號,121.51780515743,25.090303093024
臺北市士林區後港里17鄰承德路四段322號,63,6301100,6301100-008,17鄰,承德路,4段,,,,,322號,121.51798814082,25.089594981337
臺北市士林區後港里14鄰承德路四段323號,63,6301100,6301100-008,14鄰,承德路,4段,,,,,323號,121.51773819798,25.090352294757
臺北市士林區後港里14鄰承德路四段325號,63,6301100,6301100-008,14鄰,承德路,4段,,,,,325號,121.5176818865,25.09038748391
臺北市士林區後港里17鄰承德路四段326號,63,6301100,6301100-008,17鄰,承德路,4段,,,,,326號,121.51777998779,25.089669764855
臺北市士林區後港里14鄰承德路四段327號,63,6301100,6301100-008,14鄰,承德路,4段,,,,,327號,121.51760402445,25.090446771826
臺北市士林區後港里17鄰承德路四段328號,63,6301100,6301100-008,17鄰,承德路,4段,,,,,328號,121.51783694877,25.089788988926
臺北市士林區後港里14鄰承德路四段329號,63,6301100,6301100-008,14鄰,承德路,4段,,,,,329號,121.51755943588,25.090480737363
臺北市士林區後港里14鄰承德路四段331號,63,6301100,6301100-008,14鄰,承德路,4段,,,,,331號,121.51749656861,25.090545949476
臺北市士林區後港里17鄰承德路四段332號,63,6301100,6301100-008,17鄰,承德路,4段,,,,,332號,121.51774901275,25.089880794949
臺北市士林區後港里14鄰承德路四段333號,63,6301100,6301100-008,14鄰,承德路,4段,,,,,333號,121.51746049264,25.090586186861
臺北市士林區後港里17鄰承德路四段334號,63,6301100,6301100-008,17鄰,承德路,4段,,,,,334號,121.51766806292,25.089917704145
臺北市士林區後港里17鄰承德路四段336號,63,6301100,6301100-008,17鄰,承德路,4段,,,,,336號,121.51759766395,25.089955226509
臺北市士林區後港里17鄰承德路四段338號,63,6301100,6301100-008,17鄰,承德路,4段,,,,,338號,121.51752948191,25.08999893434
臺北市士林區後港里17鄰承德路四段338之1號,63,6301100,6301100-008,17鄰,承德路,4段,,,,,338之1號,121.51749571694,25.090022886125
臺北市士林區後港里17鄰承德路四段340號,63,6301100,6301100-008,17鄰,承德路,4段,,,,,340號,121.51745935076,25.090048300488
臺北市士林區後港里17鄰承德路四段342號,63,6301100,6301100-008,17鄰,承德路,4段,,,,,342號,121.517375293,25.090110029407
臺北市士林區後港里17鄰承德路四段344號,63,6301100,6301100-008,17鄰,承德路,4段,,,,,344號,121.5172944641,25.090161617566
臺北市士林區後港里17鄰承德路四段346號,63,6301100,6301100-008,17鄰,承德路,4段,,,,,346號,121.5172357114,25.09020095893
臺北市士林區後港里17鄰承德路四段348號,63,6301100,6301100-008,17鄰,承德路,4段,,,,,348號,121.51719404172,25.090228856371
臺北市士林區後港里17鄰承德路四段350號,63,6301100,6301100-008,17鄰,承德路,4段,,,,,350號,121.51712957434,25.090271910081
臺北市士林區後港里17鄰承德路四段352號,63,6301100,6301100-008,17鄰,承德路,4段,,,,,352號,121.51707783897,25.090303796852
臺北市士林區後港里17鄰承德路四段354號,63,6301100,6301100-008,17鄰,承德路,4段,,,,,354號,121.51700691056,25.090347541101
臺北市士林區後港里17鄰承德路四段356號,63,6301100,6301100-008,17鄰,承德路,4段,,,,,356號,121.51694738594,25.090377811867
臺北市士林區後港里17鄰承德路四段358號,63,6301100,6301100-008,17鄰,承德路,4段,,,,,358號,121.51688201392,25.090410874586
臺北市士林區後港里17鄰承德路四段360號,63,6301100,6301100-008,17鄰,承德路,4段,,,,,360號,121.51673476199,25.090464923754
臺北市士林區後港里17鄰承德路四段362號,63,6301100,6301100-008,17鄰,承德路,4段,,,,,362號,121.51669610275,25.090470818276
臺北市士林區後港里17鄰承德路四段364號,63,6301100,6301100-008,17鄰,承德路,4段,,,,,364號,121.51665072624,25.090477747319
臺北市士林區前港里1鄰承德路四段140號,63,6301100,6301100-010,1鄰,承德路,4段,,,,,140號,121.52325481388,25.084761724434
臺北市士林區前港里14鄰承德路四段150號,63,6301100,6301100-010,14鄰,承德路,4段,,,,,150號,121.52312051817,25.085137547572
臺北市士林區前港里14鄰承德路四段152號,63,6301100,6301100-010,14鄰,承德路,4段,,,,,152號,121.52311214723,25.085164597995
臺北市士林區前港里14鄰承德路四段166號,63,6301100,6301100-010,14鄰,承德路,4段,,,,,166號,121.52308247413,25.085432320677
臺北市士林區前港里14鄰承德路四段166之1號,63,6301100,6301100-010,14鄰,承德路,4段,,,,,166之1號,121.52307222538,25.085488718834
臺北市士林區前港里14鄰承德路四段166之2號,63,6301100,6301100-010,14鄰,承德路,4段,,,,,166之2號,121.52272184597,25.08550334207
臺北市士林區前港里14鄰承德路四段166之3號,63,6301100,6301100-010,14鄰,承德路,4段,,,,,166之3號,121.52306410672,25.085551808284
臺北市士林區前港里14鄰承德路四段166之5號,63,6301100,6301100-010,14鄰,承德路,4段,,,,,166之5號,121.52304550788,25.085616848618
臺北市士林區前港里14鄰承德路四段166之6號,63,6301100,6301100-010,14鄰,承德路,4段,,,,,166之6號,121.52303739729,25.085681842953
臺北市士林區前港里14鄰承德路四段168號,63,6301100,6301100-010,14鄰,承德路,4段,,,,,168號,121.52270432597,25.085817760009
臺北市士林區前港里14鄰承德路四段170號,63,6301100,6301100-010,14鄰,承德路,4段,,,,,170號,121.52285326448,25.08617195585
臺北市士林區前港里14鄰承德路四段170之1號,63,6301100,6301100-010,14鄰,承德路,4段,,,,,170之1號,121.52280202457,25.086317379422
臺北市士林區前港里14鄰承德路四段172號,63,6301100,6301100-010,14鄰,承德路,4段,,,,,172號,121.52268442051,25.086438832592
臺北市士林區前港里14鄰承德路四段174號,63,6301100,6301100-010,14鄰,承德路,4段,,,,,174號,121.52265337726,25.086568629664
臺北市士林區前港里14鄰承德路四段178號,63,6301100,6301100-010,14鄰,承德路,4段,,,,,178號,121.52256846102,25.086739847498
臺北市士林區前港里14鄰承德路四段180號,63,6301100,6301100-010,14鄰,承德路,4段,,,,,180號,121.52252842871,25.086807256364
臺北市士林區前港里14鄰承德路四段182號,63,6301100,6301100-010,14鄰,承德路,4段,,,,,182號,121.52248300212,25.086883712247
臺北市士林區前港里14鄰承德路四段184號,63,6301100,6301100-010,14鄰,承德路,4段,,,,,184號,121.52243325432,25.086967450899
臺北市士林區前港里14鄰承德路四段186號,63,6301100,6301100-010,14鄰,承德路,4段,,,,,186號,121.52238432345,25.087049814397
臺北市士林區前港里14鄰承德路四段188號,63,6301100,6301100-010,14鄰,承德路,4段,,,,,188號,121.52233456561,25.087133553052
臺北市士林區前港里14鄰承德路四段190號,63,6301100,6301100-010,14鄰,承德路,4段,,,,,190號,121.5222949168,25.087200283401
臺北市士林區前港里14鄰承德路四段192號,63,6301100,6301100-010,14鄰,承德路,4段,,,,,192號,121.52224975571,25.087276295905
臺北市士林區前港里14鄰承德路四段192之1號,63,6301100,6301100-010,14鄰,承德路,4段,,,,,192之1號,121.52211004199,25.08740457038
臺北市士林區前港里14鄰承德路四段192之2號,63,6301100,6301100-010,14鄰,承德路,4段,,,,,192之2號,121.52205867621,25.087036930908
臺北市士林區前港里3鄰承德路四段196號,63,6301100,6301100-010,3鄰,承德路,4段,,,,,196號,121.52207135702,25.087506921903
臺北市士林區前港里3鄰承德路四段198號,63,6301100,6301100-010,3鄰,承德路,4段,,,,,198號,121.52203827279,25.087574125629
臺北市士林區前港里3鄰承德路四段200號,63,6301100,6301100-010,3鄰,承德路,4段,,,,,200號,121.5220119998,25.087625109091
臺北市士林區前港里3鄰承德路四段210號,63,6301100,6301100-010,3鄰,承德路,4段,,,,,210號,121.5218707331,25.087899281843
臺北市士林區前港里3鄰承德路四段212號,63,6301100,6301100-010,3鄰,承德路,4段,,,,,212號,121.5217863051,25.088041156396
臺北市士林區前港里3鄰承德路四段218號,63,6301100,6301100-010,3鄰,承德路,4段,,,,,218號,121.52167222803,25.088214137413
臺北市士林區前港里3鄰承德路四段218之1號,63,6301100,6301100-010,3鄰,承德路,4段,,,,,218之1號,121.52169195026,25.088182316476
臺北市士林區前港里3鄰承德路四段218之2號,63,6301100,6301100-010,3鄰,承德路,4段,,,,,218之2號,121.52165094024,25.088248491701
臺北市士林區前港里3鄰承德路四段220號,63,6301100,6301100-010,3鄰,承德路,4段,,,,,220號,121.52154127542,25.088384288689
臺北市士林區前港里3鄰承德路四段222號,63,6301100,6301100-010,3鄰,承德路,4段,,,,,222號,121.52149935721,25.088456091529
臺北市士林區前港里3鄰承德路四段222之1號,63,6301100,6301100-010,3鄰,承德路,4段,,,,,222之1號,121.52147273379,25.088501677362
臺北市士林區前港里3鄰承德路四段222之2號,63,6301100,6301100-010,3鄰,承德路,4段,,,,,222之2號,121.52133082003,25.08843410467
臺北市士林區前港里3鄰承德路四段228號,63,6301100,6301100-010,3鄰,承德路,4段,,,,,228號,121.52134661727,25.088584961784
臺北市士林區承德里10鄰承德路四段58巷28弄1號,63,6301100,6301100-012,10鄰,承德路,4段,58巷,28弄,,,1號,121.52156083192,25.082016203128
臺北市士林區承德里11鄰承德路四段58巷46弄1號,63,6301100,6301100-012,11鄰,承德路,4段,58巷,46弄,,,1號,121.52118521281,25.082583237887
臺北市士林區承德里14鄰承德路四段58巷56弄1號,63,6301100,6301100-012,14鄰,承德路,4段,58巷,56弄,,,1號,121.52082721748,25.082740625666
臺北市士林區承德里1鄰承德路四段48巷1號,63,6301100,6301100-012,1鄰,承德路,4段,48巷,,,,1號,121.52238988653,25.081225229431
臺北市士林區承德里1鄰承德路四段58巷1號,63,6301100,6301100-012,1鄰,承德路,4段,58巷,,,,1號,121.52251025244,25.081547639444
臺北市士林區承德里1鄰承德路四段58巷2弄1號,63,6301100,6301100-012,1鄰,承德路,4段,58巷,2弄,,,1號,121.52251202834,25.081760487322
臺北市士林區承德里6鄰承德路四段58巷65弄1號,63,6301100,6301100-012,6鄰,承德路,4段,58巷,65弄,,,1號,121.52078433908,25.082460979073
臺北市士林區承德里7鄰承德路四段58巷10弄1號,63,6301100,6301100-012,7鄰,承德路,4段,58巷,10弄,,,1號,121.52216377015,25.082031967477
臺北市士林區承德里6鄰承德路四段58巷65弄2號,63,6301100,6301100-012,6鄰,承德路,4段,58巷,65弄,,,2號,121.52070838205,25.082530851808
臺北市士林區承德里5鄰承德路四段80巷2號,63,6301100,6301100-012,5鄰,承德路,4段,80巷,,,,2號,121.522922141,25.082305203167
臺北市士林區承德里14鄰承德路四段58巷56弄2號,63,6301100,6301100-012,14鄰,承德路,4段,58巷,56弄,,,2號,121.52103109767,25.082725194292
臺北市士林區承德里10鄰承德路四段58巷46弄2號,63,6301100,6301100-012,10鄰,承德路,4段,58巷,46弄,,,2號,121.52146657207,25.082480629871
臺北市士林區承德里15鄰承德路四段58巷31弄2號,63,6301100,6301100-012,15鄰,承德路,4段,58巷,31弄,,,2號,121.52077279131,25.081905957501
臺北市士林區承德里1鄰承德路四段58巷2弄3號,63,6301100,6301100-012,1鄰,承德路,4段,58巷,2弄,,,3號,121.52254119366,25.081826045577
臺北市士林區承德里1鄰承德路四段48巷3號,63,6301100,6301100-012,1鄰,承德路,4段,48巷,,,,3號,121.52231498818,25.081261523964
臺北市士林區承德里1鄰承德路四段58巷3號,63,6301100,6301100-012,1鄰,承德路,4段,58巷,,,,3號,121.52246464112,25.081568456183
臺北市士林區承德里6鄰承德路四段58巷65弄3號,63,6301100,6301100-012,6鄰,承德路,4段,58巷,65弄,,,3號,121.52070846063,25.082394771855
臺北市士林區承德里7鄰承德路四段58巷10弄3號,63,6301100,6301100-012,7鄰,承德路,4段,58巷,10弄,,,3號,121.52216123269,25.082097474844
臺北市士林區承德里10鄰承德路四段58巷28弄3號,63,6301100,6301100-012,10鄰,承德路,4段,58巷,28弄,,,3號,121.52159388487,25.082040146694
臺北市士林區承德里14鄰承德路四段58巷56弄3號,63,6301100,6301100-012,14鄰,承德路,4段,58巷,56弄,,,3號,121.52088964413,25.082788146847
臺北市士林區承德里11鄰承德路四段58巷46弄3號,63,6301100,6301100-012,11鄰,承德路,4段,58巷,46弄,,,3號,121.52127068989,25.082656994694
臺北市士林區承德里14鄰承德路四段58巷56弄4號,63,6301100,6301100-012,14鄰,承德路,4段,58巷,56弄,,,4號,121.52111722142,25.082797152335
臺北市士林區承德里10鄰承德路四段58巷28弄4號,63,6301100,6301100-012,10鄰,承德路,4段,58巷,28弄,,,4號,121.52190466072,25.08213761323
臺北市士林區承德里10鄰承德路四段58巷46弄4號,63,6301100,6301100-012,10鄰,承德路,4段,58巷,46弄,,,4號,121.52138878269,25.082450162708
臺北市士林區承德里15鄰承德路四段58巷31弄4號,63,6301100,6301100-012,15鄰,承德路,4段,58巷,31弄,,,4號,121.52071027663,25.081933585995
臺北市士林區承德里6鄰承德路四段58巷65弄4號,63,6301100,6301100-012,6鄰,承德路,4段,58巷,65弄,,,4號,121.52063304204,25.082465382962
臺北市士林區承德里5鄰承德路四段80巷4號,63,6301100,6301100-012,5鄰,承德路,4段,80巷,,,,4號,121.52285463923,25.082332588319
臺北市士林區承德里1鄰承德路四段48巷4號,63,6301100,6301100-012,1鄰,承德路,4段,48巷,,,,4號,121.52235460696,25.081332985924
臺北市士林區承德里1鄰承德路四段58巷10弄4號,63,6301100,6301100-012,1鄰,承德路,4段,58巷,10弄,,,4號,121.52226460498,25.081947326866
臺北市士林區承德里1鄰承德路四段58巷5號,63,6301100,6301100-012,1鄰,承德路,4段,58巷,,,,5號,121.52234131461,25.081529491924
臺北市士林區承德里6鄰承德路四段58巷61弄5號,63,6301100,6301100-012,6鄰,承德路,4段,58巷,61弄,,,5號,121.52079880555,25.082243812923
臺北市士林區承德里6鄰承德路四段58巷65弄5號,63,6301100,6301100-012,6鄰,承德路,4段,58巷,65弄,,,5號,121.5206718746,25.082362841642
臺北市士林區承德里7鄰承德路四段58巷10弄5號,63,6301100,6301100-012,7鄰,承德路,4段,58巷,10弄,,,5號,121.5222030817,25.082164162181
臺北市士林區承德里10鄰承德路四段58巷28弄5號,63,6301100,6301100-012,10鄰,承德路,4段,58巷,28弄,,,5號,121.52166214013,25.082089940192
臺北市士林區承德里14鄰承德路四段58巷56弄5號,63,6301100,6301100-012,14鄰,承德路,4段,58巷,56弄,,,5號,121.52103645264,25.08290359667
臺北市士林區承德里11鄰承德路四段58巷46弄5號,63,6301100,6301100-012,11鄰,承德路,4段,58巷,46弄,,,5號,121.52132848727,25.08270687924
臺北市士林區承德里14鄰承德路四段58巷56弄6號,63,6301100,6301100-012,14鄰,承德路,4段,58巷,56弄,,,6號,121.52117920508,25.082864103292
臺北市士林區承德里10鄰承德路四段58巷28弄6號,63,6301100,6301100-012,10鄰,承德路,4段,58巷,28弄,,,6號,121.52196603999,25.082129813808
臺北市士林區承德里10鄰承德路四段58巷46弄6號,63,6301100,6301100-012,10鄰,承德路,4段,58巷,46弄,,,6號,121.52133040555,25.082497421945
臺北市士林區承德里15鄰承德路四段58巷31弄6號,63,6301100,6301100-012,15鄰,承德路,4段,58巷,31弄,,,6號,121.52068433273,25.081945052355
臺北市士林區承德里6鄰承德路四段58巷65弄6號,63,6301100,6301100-012,6鄰,承德路,4段,58巷,65弄,,,6號,121.52059579995,25.082433030715
臺北市士林區承德里5鄰承德路四段80巷6號,63,6301100,6301100-012,5鄰,承德路,4段,80巷,,,,6號,121.52258297506,25.082441827504
臺北市士林區承德里1鄰承德路四段58巷10弄6號,63,6301100,6301100-012,1鄰,承德路,4段,58巷,10弄,,,6號,121.52230412949,25.082008208298
臺北市士林區承德里5鄰承德路四段80巷6之1號,63,6301100,6301100-012,5鄰,承德路,4段,80巷,,,,6之1號,121.52265501143,25.082599844393
臺北市士林區承德里11鄰承德路四段58巷46弄7號,63,6301100,6301100-012,11鄰,承德路,4段,58巷,46弄,,,7號,121.52141320845,25.082780006655
臺北市士林區承德里14鄰承德路四段58巷56弄7號,63,6301100,6301100-012,14鄰,承德路,4段,58巷,56弄,,,7號,121.52110099735,25.082950279743
臺北市士林區承德里10鄰承德路四段58巷28弄7號,63,6301100,6301100-012,10鄰,承德路,4段,58巷,28弄,,,7號,121.52177372061,25.082180532534
臺北市士林區承德里6鄰承德路四段58巷61弄7號,63,6301100,6301100-012,6鄰,承德路,4段,58巷,61弄,,,7號,121.52074959299,25.082200849631
臺北市士林區承德里6鄰承德路四段58巷65弄7號,63,6301100,6301100-012,6鄰,承德路,4段,58巷,65弄,,,7號,121.52061088138,25.08230961864
臺北市士林區承德里7鄰承德路四段58巷10弄7號,63,6301100,6301100-012,7鄰,承德路,4段,58巷,10弄,,,7號,121.52223189607,25.082210103796
臺北市士林區承德里1鄰承德路四段58巷2弄7號,63,6301100,6301100-012,1鄰,承德路,4段,58巷,2弄,,,7號,121.52259464472,25.081907570165
臺北市士林區承德里1鄰承德路四段58巷7號,63,6301100,6301100-012,1鄰,承德路,4段,58巷,,,,7號,121.52227723394,25.081552386863
臺北市士林區承德里1鄰承德路四段58巷8號,63,6301100,6301100-012,1鄰,承德路,4段,58巷,,,,8號,121.52232156534,25.081846671389
臺北市士林區承德里1鄰承德路四段58巷10弄8號,63,6301100,6301100-012,1鄰,承德路,4段,58巷,10弄,,,8號,121.5223486532,25.082076782069
臺北市士林區承德里6鄰承德路四段58巷65弄8號,63,6301100,6301100-012,6鄰,承德路,4段,58巷,65弄,,,8號,121.52053598173,25.08238104943
臺北市士林區承德里5鄰承德路四段80巷8號,63,6301100,6301100-012,5鄰,承德路,4段,80巷,,,,8號,121.52249991107,25.082488298405
臺北市士林區承德里10鄰承德路四段58巷28弄8號,63,6301100,6301100-012,10鄰,承德路,4段,58巷,28弄,,,8號,121.5219652157,25.08232816277
臺北市士林區承德里10鄰承德路四段58巷46弄8號,63,6301100,6301100-012,10鄰,承德路,4段,58巷,46弄,,,8號,121.52136162519,25.082572985312
臺北市士林區承德里14鄰承德路四段58巷56弄8號,63,6301100,6301100-012,14鄰,承德路,4段,58巷,56弄,,,8號,121.52124550721,25.082925477781
臺北市士林區承德里15鄰承德路四段58巷31弄8號,63,6301100,6301100-012,15鄰,承德路,4段,58巷,31弄,,,8號,121.52062292622,25.081972189411
臺北市士林區承德里5鄰承德路四段80巷8之1號,63,6301100,6301100-012,5鄰,承德路,4段,80巷,,,,8之1號,121.52257851358,25.082626159683
臺北市士林區承德里6鄰承德路四段58巷65弄9號,63,6301100,6301100-012,6鄰,承德路,4段,58巷,65弄,,,9號,121.52057576796,25.082278965219
臺北市士林區承德里7鄰承德路四段58巷10弄9號,63,6301100,6301100-012,7鄰,承德路,4段,58巷,10弄,,,9號,121.52229317032,25.08227099897
臺北市士林區承德里1鄰承德路四段58巷2弄9號,63,6301100,6301100-012,1鄰,承德路,4段,58巷,2弄,,,9號,121.52260497772,25.081938734687
臺北市士林區承德里1鄰承德路四段58巷9號,63,6301100,6301100-012,1鄰,承德路,4段,58巷,,,,9號,121.52211519245,25.0816199451
臺北市士林區承德里10鄰承德路四段58巷28弄9號,63,6301100,6301100-012,10鄰,承德路,4段,58巷,28弄,,,9號,121.52183201343,25.082230370006
臺北市士林區承德里7鄰承德路四段80巷9號,63,6301100,6301100-012,7鄰,承德路,4段,80巷,,,,9號,121.52271711323,25.082243929912
臺北市士林區承德里10鄰承德路四段58巷28弄10號,63,6301100,6301100-012,10鄰,承德路,4段,58巷,28弄,,,10號,121.52191231656,25.082381424669
臺北市士林區承德里10鄰承德路四段58巷46弄10號,63,6301100,6301100-012,10鄰,承德路,4段,58巷,46弄,,,10號,121.52148612233,25.082593258211
臺北市士林區承德里15鄰承德路四段58巷31弄10號,63,6301100,6301100-012,15鄰,承德路,4段,58巷,31弄,,,10號,121.520583199,25.081989752895
臺北市士林區承德里1鄰承德路四段58巷10弄10號,63,6301100,6301100-012,1鄰,承德路,4段,58巷,10弄,,,10號,121.52240094017,25.082157308709
臺北市士林區承德里5鄰承德路四段80巷10號,63,6301100,6301100-012,5鄰,承德路,4段,80巷,,,,10號,121.52247278353,25.082503488796
臺北市士林區承德里6鄰承德路四段58巷65弄10號,63,6301100,6301100-012,6鄰,承德路,4段,58巷,65弄,,,10號,121.520502242,25.082351736352
臺北市士林區承德里5鄰承德路四段80巷10之1號,63,6301100,6301100-012,5鄰,承德路,4段,80巷,,,,10之1號,121.52175261832,25.083009082952
臺北市士林區承德里1鄰承德路四段58巷11號,63,6301100,6301100-012,1鄰,承德路,4段,58巷,,,,11號,121.52205029478,25.081644224106
臺北市士林區承德里1鄰承德路四段58巷2弄11號,63,6301100,6301100-012,1鄰,承德路,4段,58巷,2弄,,,11號,121.52262198841,25.081990017252
臺北市士林區承德里11鄰承德路四段58巷46弄11號,63,6301100,6301100-012,11鄰,承德路,4段,58巷,46弄,,,11號,121.521606927,25.08236210401
臺北市士林區承德里10鄰承德路四段58巷28弄12號,63,6301100,6301100-012,10鄰,承德路,4段,58巷,28弄,,,12號,121.52182130397,25.082442404124
臺北市士林區承德里15鄰承德路四段58巷31弄12號,63,6301100,6301100-012,15鄰,承德路,4段,58巷,31弄,,,12號,121.52051358979,25.082020529896
臺北市士林區承德里1鄰承德路四段58巷10弄12號,63,6301100,6301100-012,1鄰,承德路,4段,58巷,10弄,,,12號,121.52246781147,25.082280324112
臺北市士林區承德里5鄰承德路四段80巷12號,63,6301100,6301100-012,5鄰,承德路,4段,80巷,,,,12號,121.5224116451,25.082537703628
臺北市士林區承德里6鄰承德路四段58巷65弄12號,63,6301100,6301100-012,6鄰,承德路,4段,58巷,65弄,,,12號,121.52044722964,25.082303936214
臺北市士林區承德里1鄰承德路四段58巷13號,63,6301100,6301100-012,1鄰,承德路,4段,58巷,,,,13號,121.52178225689,25.0817738705
臺北市士林區承德里1鄰承德路四段58巷2弄13號,63,6301100,6301100-012,1鄰,承德路,4段,58巷,2弄,,,13號,121.52263686027,25.082034861326
臺北市士林區承德里10鄰承德路四段58巷28弄13號,63,6301100,6301100-012,10鄰,承德路,4段,58巷,28弄,,,13號,121.52163171182,25.082329768732
臺北市士林區承德里7鄰承德路四段80巷13號,63,6301100,6301100-012,7鄰,承德路,4段,80巷,,,,13號,121.52261451144,25.082283626436
臺北市士林區承德里10鄰承德路四段58巷28弄14號,63,6301100,6301100-012,10鄰,承德路,4段,58巷,28弄,,,14號,121.5217767148,25.082498661149
臺北市士林區承德里15鄰承德路四段58巷31弄14號,63,6301100,6301100-012,15鄰,承德路,4段,58巷,31弄,,,14號,121.52047147785,25.082039130911
臺北市士林區承德里7鄰承德路四段58巷14號,63,6301100,6301100-012,7鄰,承德路,4段,58巷,,,,14號,121.52199535859,25.081848207328
臺北市士林區承德里5鄰承德路四段80巷14號,63,6301100,6301100-012,5鄰,承德路,4段,80巷,,,,14號,121.52233034168,25.082583265433
臺北市士林區承德里1鄰承德路四段58巷2弄15號,63,6301100,6301100-012,1鄰,承德路,4段,58巷,2弄,,,15號,121.5226519229,25.082080273493
臺北市士林區承德里1鄰承德路四段58巷15號,63,6301100,6301100-012,1鄰,承德路,4段,58巷,,,,15號,121.52148647258,25.081770423211
臺北市士林區承德里5鄰承德路四段80巷16號,63,6301100,6301100-012,5鄰,承德路,4段,80巷,,,,16號,121.52228407842,25.082609401928
臺北市士林區承德里7鄰承德路四段58巷16號,63,6301100,6301100-012,7鄰,承德路,4段,58巷,,,,16號,121.52202518709,25.081929950633
臺北市士林區承德里15鄰承德路四段58巷31弄16號,63,6301100,6301100-012,15鄰,承德路,4段,58巷,31弄,,,16號,121.52041702088,25.082061693375
臺北市士林區承德里10鄰承德路四段58巷28弄16號,63,6301100,6301100-012,10鄰,承德路,4段,58巷,28弄,,,16號,121.52175358486,25.082521493134
臺北市士林區承德里1鄰承德路四段58巷17號,63,6301100,6301100-012,1鄰,承德路,4段,58巷,,,,17號,121.52145773523,25.081709810605
臺北市士林區承德里7鄰承德路四段58巷18號,63,6301100,6301100-012,7鄰,承德路,4段,58巷,,,,18號,121.52192688946,25.081963059128
臺北市士林區承德里5鄰承德路四段80巷18號,63,6301100,6301100-012,5鄰,承德路,4段,80巷,,,,18號,121.52220278631,25.082655315718
臺北市士林區承德里15鄰承德路四段58巷31弄18號,63,6301100,6301100-012,15鄰,承德路,4段,58巷,31弄,,,18號,121.52036674434,25.082083564059
臺北市士林區承德里1鄰承德路四段58巷19號,63,6301100,6301100-012,1鄰,承德路,4段,58巷,,,,19號,121.52164711415,25.081669475848
臺北市士林區承德里5鄰承德路四段80巷20號,63,6301100,6301100-012,5鄰,承德路,4段,80巷,,,,20號,121.52185089436,25.083068873176
臺北市士林區承德里7鄰承德路四段58巷20號,63,6301100,6301100-012,7鄰,承德路,4段,58巷,,,,20號,121.5218954401,25.081877782511
臺北市士林區承德里15鄰承德路四段58巷31弄20號,63,6301100,6301100-012,15鄰,承德路,4段,58巷,31弄,,,20號,121.52031062927,25.082110212974
臺北市士林區承德里1鄰承德路四段58巷21號,63,6301100,6301100-012,1鄰,承德路,4段,58巷,,,,21號,121.52171562245,25.08164336066
臺北市士林區承德里7鄰承德路四段58巷22號,63,6301100,6301100-012,7鄰,承德路,4段,58巷,,,,22號,121.52181560439,25.081900037498
臺北市士林區承德里5鄰承德路四段80巷22號,63,6301100,6301100-012,5鄰,承德路,4段,80巷,,,,22號,121.52190075792,25.083099203571
臺北市士林區承德里15鄰承德路四段58巷31弄22號,63,6301100,6301100-012,15鄰,承德路,4段,58巷,31弄,,,22號,121.52027916404,25.082124118138
臺北市士林區承德里1鄰承德路四段58巷23號,63,6301100,6301100-012,1鄰,承德路,4段,58巷,,,,23號,121.52181981997,25.081603650118
臺北市士林區承德里7鄰承德路四段58巷24號,63,6301100,6301100-012,7鄰,承德路,4段,58巷,,,,24號,121.52183250686,25.082024077525
臺北市士林區承德里15鄰承德路四段58巷31弄24號,63,6301100,6301100-012,15鄰,承德路,4段,58巷,31弄,,,24號,121.5202189546,25.082150727204
臺北市士林區承德里1鄰承德路四段58巷25號,63,6301100,6301100-012,1鄰,承德路,4段,58巷,,,,25號,121.52188336973,25.081579430121
臺北市士林區承德里7鄰承德路四段80巷25號,63,6301100,6301100-012,7鄰,承德路,4段,80巷,,,,25號,121.52240352322,25.082392200207
臺北市士林區承德里7鄰承德路四段58巷26號,63,6301100,6301100-012,7鄰,承德路,4段,58巷,,,,26號,121.52173387358,25.081924240133
臺北市士林區承德里15鄰承德路四段58巷31弄26號,63,6301100,6301100-012,15鄰,承德路,4段,58巷,31弄,,,26號,121.52018859759,25.082164149977
臺北市士林區承德里1鄰承德路四段58巷27號,63,6301100,6301100-012,1鄰,承德路,4段,58巷,,,,27號,121.5219619056,25.081419014516
臺北市士林區承德里7鄰承德路四段80巷27號,63,6301100,6301100-012,7鄰,承德路,4段,80巷,,,,27號,121.52234683433,25.082423718021
臺北市士林區承德里9鄰承德路四段80巷28號,63,6301100,6301100-012,9鄰,承德路,4段,80巷,,,,28號,121.52192316137,25.082853598198
臺北市士林區承德里15鄰承德路四段58巷31弄28號,63,6301100,6301100-012,15鄰,承德路,4段,58巷,31弄,,,28號,121.52012706221,25.08219134145
臺北市士林區承德里9鄰承德路四段80巷28之1號,63,6301100,6301100-012,9鄰,承德路,4段,80巷,,,,28之1號,121.52201854609,25.082914192949
臺北市士林區承德里7鄰承德路四段80巷29號,63,6301100,6301100-012,7鄰,承德路,4段,80巷,,,,29號,121.5223142669,25.082441825531
臺北市士林區承德里1鄰承德路四段58巷29號,63,6301100,6301100-012,1鄰,承德路,4段,58巷,,,,29號,121.52202929364,25.081392930209
臺北市士林區承德里1鄰承德路四段58巷29之1號,63,6301100,6301100-012,1鄰,承德路,4段,58巷,,,,29之1號,121.52132183607,25.081979116062
臺北市士林區承德里1鄰承德路四段58巷29之2號,63,6301100,6301100-012,1鄰,承德路,4段,58巷,,,,29之2號,121.52130293288,25.081995803089
臺北市士林區承德里15鄰承德路四段58巷31弄30號,63,6301100,6301100-012,15鄰,承德路,4段,58巷,31弄,,,30號,121.52009592346,25.082205100981
臺北市士林區承德里12鄰承德路四段80巷30號,63,6301100,6301100-012,12鄰,承德路,4段,80巷,,,,30號,121.52199343853,25.083155600777
臺北市士林區承德里7鄰承德路四段80巷31號,63,6301100,6301100-012,7鄰,承德路,4段,80巷,,,,31號,121.52225091213,25.082477041183
臺北市士林區承德里12鄰承德路四段80巷32號,63,6301100,6301100-012,12鄰,承德路,4段,80巷,,,,32號,121.52205120364,25.083190742356
臺北市士林區承德里10鄰承德路四段58巷32號,63,6301100,6301100-012,10鄰,承德路,4段,58巷,,,,32號,121.52150592186,25.082179785593
臺北市士林區承德里15鄰承德路四段58巷31弄32號,63,6301100,6301100-012,15鄰,承德路,4段,58巷,31弄,,,32號,121.52004062171,25.082229535075
臺北市士林區承德里7鄰承德路四段80巷33號,63,6301100,6301100-012,7鄰,承德路,4段,80巷,,,,33號,121.52221412169,25.082497501795
臺北市士林區承德里6鄰承德路四段58巷33號,63,6301100,6301100-012,6鄰,承德路,4段,58巷,,,,33號,121.52125554504,25.081971747303
臺北市士林區承德里15鄰承德路四段58巷31弄34號,63,6301100,6301100-012,15鄰,承德路,4段,58巷,31弄,,,34號,121.52001396033,25.082244840751
臺北市士林區承德里12鄰承德路四段80巷34號,63,6301100,6301100-012,12鄰,承德路,4段,80巷,,,,34號,121.5220683384,25.08320117266
臺北市士林區承德里7鄰承德路四段80巷35號,63,6301100,6301100-012,7鄰,承德路,4段,80巷,,,,35號,121.52214758232,25.082534489077
臺北市士林區承德里16鄰承德路四段35號,63,6301100,6301100-012,16鄰,承德路,4段,,,,,35號,121.52272538594,25.0808795561
臺北市士林區承德里6鄰承德路四段58巷35號,63,6301100,6301100-012,6鄰,承德路,4段,58巷,,,,35號,121.52118614824,25.081893447065
臺北市士林區承德里15鄰承德路四段58巷31弄36號,63,6301100,6301100-012,15鄰,承德路,4段,58巷,31弄,,,36號,121.5199533005,25.082270458205
臺北市士林區承德里12鄰承德路四段80巷36號,63,6301100,6301100-012,12鄰,承德路,4段,80巷,,,,36號,121.5221269285,25.083236816877
臺北市士林區承德里7鄰承德路四段80巷37號,63,6301100,6301100-012,7鄰,承德路,4段,80巷,,,,37號,121.52207794427,25.082584153571
臺北市士林區承德里16鄰承德路四段37號,63,6301100,6301100-012,16鄰,承德路,4段,,,,,37號,121.52282313282,25.08098543573
臺北市士林區承德里6鄰承德路四段58巷37號,63,6301100,6301100-012,6鄰,承德路,4段,58巷,,,,37號,121.52111650323,25.081857182231
臺北市士林區承德里12鄰承德路四段80巷38號,63,6301100,6301100-012,12鄰,承德路,4段,80巷,,,,38號,121.52214847617,25.083249931029
臺北市士林區承德里10鄰承德路四段58巷38號,63,6301100,6301100-012,10鄰,承德路,4段,58巷,,,,38號,121.52121563445,25.082262021661
臺北市士林區承德里16鄰承德路四段39號,63,6301100,6301100-012,16鄰,承德路,4段,,,,,39號,121.52289133787,25.081098109158
臺北市士林區承德里6鄰承德路四段58巷39號,63,6301100,6301100-012,6鄰,承德路,4段,58巷,,,,39號,121.52108887658,25.081906689712
臺北市士林區承德里7鄰承德路四段80巷39號,63,6301100,6301100-012,7鄰,承德路,4段,80巷,,,,39號,121.52202405179,25.082622928998
臺北市士林區承德里16鄰承德路四段39之1號,63,6301100,6301100-012,16鄰,承德路,4段,,,,,39之1號,121.52289654785,25.081183432878
臺北市士林區承德里10鄰承德路四段58巷40號,63,6301100,6301100-012,10鄰,承德路,4段,58巷,,,,40號,121.52124964242,25.082326552024
臺北市士林區承德里12鄰承德路四段80巷40號,63,6301100,6301100-012,12鄰,承德路,4段,80巷,,,,40號,121.52219889651,25.083280611456
臺北市士林區承德里7鄰承德路四段80巷41號,63,6301100,6301100-012,7鄰,承德路,4段,80巷,,,,41號,121.52198427733,25.082652726017
臺北市士林區承德里6鄰承德路四段58巷41號,63,6301100,6301100-012,6鄰,承德路,4段,58巷,,,,41號,121.52111721922,25.081963078653
臺北市士林區承德里16鄰承德路四段41號,63,6301100,6301100-012,16鄰,承德路,4段,,,,,41號,121.52283735543,25.080858767338
臺北市士林區承德里12鄰承德路四段80巷42號,63,6301100,6301100-012,12鄰,承德路,4段,80巷,,,,42號,121.52222025527,25.083293590842
臺北市士林區承德里10鄰承德路四段58巷42號,63,6301100,6301100-012,10鄰,承德路,4段,58巷,,,,42號,121.52119858122,25.082371465307
臺北市士林區承德里6鄰承德路四段58巷43號,63,6301100,6301100-012,6鄰,承德路,4段,58巷,,,,43號,121.52120058521,25.08201597912
臺北市士林區承德里16鄰承德路四段43號,63,6301100,6301100-012,16鄰,承德路,4段,,,,,43號,121.52287130654,25.080844464674
臺北市士林區承德里7鄰承德路四段80巷43號,63,6301100,6301100-012,7鄰,承德路,4段,80巷,,,,43號,121.52193254171,25.082692857059
臺北市士林區承德里10鄰承德路四段58巷44號,63,6301100,6301100-012,10鄰,承德路,4段,58巷,,,,44號,121.521119004,25.082351855986
臺北市士林區承德里12鄰承德路四段80巷44號,63,6301100,6301100-012,12鄰,承德路,4段,80巷,,,,44號,121.52226868781,25.083323050426
臺北市士林區承德里16鄰承德路四段45號,63,6301100,6301100-012,16鄰,承德路,4段,,,,,45號,121.52307101189,25.080864498364
臺北市士林區承德里6鄰承德路四段58巷45號,63,6301100,6301100-012,6鄰,承德路,4段,58巷,,,,45號,121.52108169318,25.08213937661
臺北市士林區承德里7鄰承德路四段80巷45號,63,6301100,6301100-012,7鄰,承德路,4段,80巷,,,,45號,121.52191062625,25.082709870738
臺北市士林區承德里1鄰承德路四段46號,63,6301100,6301100-012,1鄰,承德路,4段,,,,,46號,121.52239354538,25.081146022568
臺北市士林區承德里12鄰承德路四段80巷46號,63,6301100,6301100-012,12鄰,承德路,4段,80巷,,,,46號,121.52233734114,25.083342607288
臺北市士林區承德里16鄰承德路四段47號,63,6301100,6301100-012,16鄰,承德路,4段,,,,,47號,121.52318151355,25.080845899303
臺北市士林區承德里6鄰承德路四段58巷47號,63,6301100,6301100-012,6鄰,承德路,4段,58巷,,,,47號,121.52101267283,25.082065697329
臺北市士林區承德里7鄰承德路四段80巷47號,63,6301100,6301100-012,7鄰,承德路,4段,80巷,,,,47號,121.52185674649,25.082751670454
臺北市士林區承德里14鄰承德路四段58巷48號,63,6301100,6301100-012,14鄰,承德路,4段,58巷,,,,48號,121.52101328344,25.08247224597
臺北市士林區承德里12鄰承德路四段80巷48號,63,6301100,6301100-012,12鄰,承德路,4段,80巷,,,,48號,121.52232487556,25.083479353736
臺北市士林區承德里16鄰承德路四段49號,63,6301100,6301100-012,16鄰,承德路,4段,,,,,49號,121.52320647403,25.080894707183
臺北市士林區承德里6鄰承德路四段58巷49號,63,6301100,6301100-012,6鄰,承德路,4段,58巷,,,,49號,121.52093641597,25.082031848054
臺北市士林區承德里7鄰承德路四段80巷49號,63,6301100,6301100-012,7鄰,承德路,4段,80巷,,,,49號,121.52183112572,25.08277155904
臺北市士林區承德里1鄰承德路四段50號,63,6301100,6301100-012,1鄰,承德路,4段,,,,,50號,121.52249318926,25.081313485036
臺北市士林區承德里14鄰承德路四段58巷50號,63,6301100,6301100-012,14鄰,承德路,4段,58巷,,,,50號,121.52097894282,25.082504759142
臺北市士林區承德里12鄰承德路四段80巷50號,63,6301100,6301100-012,12鄰,承德路,4段,80巷,,,,50號,121.52164153352,25.083136200067
臺北市士林區承德里16鄰承德路四段51號,63,6301100,6301100-012,16鄰,承德路,4段,,,,,51號,121.52315092228,25.080995312893
臺北市士林區承德里6鄰承德路四段58巷51號,63,6301100,6301100-012,6鄰,承德路,4段,58巷,,,,51號,121.52091261741,25.082081757356
臺北市士林區承德里7鄰承德路四段80巷51號,63,6301100,6301100-012,7鄰,承德路,4段,80巷,,,,51號,121.5217828681,25.0828090055
臺北市士林區承德里1鄰承德路四段52號,63,6301100,6301100-012,1鄰,承德路,4段,,,,,52號,121.52251043182,25.081347026701
臺北市士林區承德里14鄰承德路四段58巷52號,63,6301100,6301100-012,14鄰,承德路,4段,58巷,,,,52號,121.52090746061,25.082566175049
臺北市士林區承德里12鄰承德路四段80巷52號,63,6301100,6301100-012,12鄰,承德路,4段,80巷,,,,52號,121.52160635415,25.083204720154
臺北市士林區承德里14鄰承德路四段58巷52之1號,63,6301100,6301100-012,14鄰,承德路,4段,58巷,,,,52之1號,121.52099439592,25.082640206769
臺北市士林區承德里17鄰承德路四段53號,63,6301100,6301100-012,17鄰,承德路,4段,,,,,53號,121.52296788266,25.081328072561
臺北市士林區承德里6鄰承德路四段58巷53號,63,6301100,6301100-012,6鄰,承德路,4段,58巷,,,,53號,121.52095204703,25.082143786049
臺北市士林區承德里7鄰承德路四段80巷53號,63,6301100,6301100-012,7鄰,承德路,4段,80巷,,,,53號,121.52170632182,25.082868408283
臺北市士林區承德里7鄰承德路四段80巷53之1號,63,6301100,6301100-012,7鄰,承德路,4段,80巷,,,,53之1號,121.5216027629,25.082832163601
臺北市士林區承德里7鄰承德路四段80巷53之2號,63,6301100,6301100-012,7鄰,承德路,4段,80巷,,,,53之2號,121.52156404711,25.082796015978
臺北市士林區承德里1鄰承德路四段54號,63,6301100,6301100-012,1鄰,承德路,4段,,,,,54號,121.52256004051,25.081443542359
臺北市士林區承德里14鄰承德路四段58巷54號,63,6301100,6301100-012,14鄰,承德路,4段,58巷,,,,54號,121.52086532346,25.082606958163
臺北市士林區承德里12鄰承德路四段80巷54號,63,6301100,6301100-012,12鄰,承德路,4段,80巷,,,,54號,121.5215513298,25.083318043918
臺北市士林區承德里11鄰承德路四段80巷55號,63,6301100,6301100-012,11鄰,承德路,4段,80巷,,,,55號,121.52159529815,25.082965488858
臺北市士林區承德里17鄰承德路四段55號,63,6301100,6301100-012,17鄰,承德路,4段,,,,,55號,121.52302535563,25.081369254566
臺北市士林區承德里6鄰承德路四段58巷55號,63,6301100,6301100-012,6鄰,承德路,4段,58巷,,,,55號,121.52103070074,25.082188821671
臺北市士林區承德里11鄰承德路四段80巷55之1號,63,6301100,6301100-012,11鄰,承德路,4段,80巷,,,,55之1號,121.52155197325,25.083023059466
臺北市士林區承德里11鄰承德路四段80巷55之2號,63,6301100,6301100-012,11鄰,承德路,4段,80巷,,,,55之2號,121.52151403085,25.083073524134
臺北市士林區承德里11鄰承德路四段80巷55之3號,63,6301100,6301100-012,11鄰,承德路,4段,80巷,,,,55之3號,121.52147815917,25.082868686583
臺北市士林區承德里12鄰承德路四段80巷56號,63,6301100,6301100-012,12鄰,承德路,4段,80巷,,,,56號,121.5215217529,25.083377570423
臺北市士林區承德里1鄰承德路四段56號,63,6301100,6301100-012,1鄰,承德路,4段,,,,,56號,121.5225705453,25.081519855517
臺北市士林區承德里17鄰承德路四段57號,63,6301100,6301100-012,17鄰,承德路,4段,,,,,57號,121.52308933795,25.081493561863
臺北市士林區承德里11鄰承德路四段80巷57號,63,6301100,6301100-012,11鄰,承德路,4段,80巷,,,,57號,121.52143597747,25.083172709622
臺北市士林區承德里11鄰承德路四段80巷57之1號,63,6301100,6301100-012,11鄰,承德路,4段,80巷,,,,57之1號,121.52136803884,25.083132258943
臺北市士林區承德里17鄰承德路四段57之1號,63,6301100,6301100-012,17鄰,承德路,4段,,,,,57之1號,121.5231189652,25.081551128559
臺北市士林區承德里11鄰承德路四段80巷57之2號,63,6301100,6301100-012,11鄰,承德路,4段,80巷,,,,57之2號,121.52130041835,25.083092014759
臺北市士林區承德里11鄰承德路四段80巷57之3號,63,6301100,6301100-012,11鄰,承德路,4段,80巷,,,,57之3號,121.5212152964,25.083041332402
臺北市士林區承德里17鄰承德路四段59號,63,6301100,6301100-012,17鄰,承德路,4段,,,,,59號,121.52324425618,25.081511135025
臺北市士林區承德里6鄰承德路四段58巷59號,63,6301100,6301100-012,6鄰,承德路,4段,58巷,,,,59號,121.52092939821,25.082299057595
臺北市士林區承德里1鄰承德路四段60號,63,6301100,6301100-012,1鄰,承德路,4段,,,,,60號,121.52266350627,25.081649495838
臺北市士林區承德里17鄰承德路四段61號,63,6301100,6301100-012,17鄰,承德路,4段,,,,,61號,121.52324616467,25.081388753202
臺北市士林區承德里12鄰承德路四段80巷61號,63,6301100,6301100-012,12鄰,承德路,4段,80巷,,,,61號,121.52201668794,25.083310512385
臺北市士林區承德里1鄰承德路四段62號,63,6301100,6301100-012,1鄰,承德路,4段,,,,,62號,121.52269720123,25.081724219628
臺北市士林區承德里12鄰承德路四段80巷63號,63,6301100,6301100-012,12鄰,承德路,4段,80巷,,,,63號,121.52206523063,25.08334024249
臺北市士林區承德里17鄰承德路四段63號,63,6301100,6301100-012,17鄰,承德路,4段,,,,,63號,121.52331265685,25.081329231611
臺北市士林區承德里1鄰承德路四段64號,63,6301100,6301100-012,1鄰,承德路,4段,,,,,64號,121.52271321317,25.081759742742
臺北市士林區承德里17鄰承德路四段65號,63,6301100,6301100-012,17鄰,承德路,4段,,,,,65號,121.52328074664,25.081266319373
臺北市士林區承德里12鄰承德路四段80巷65號,63,6301100,6301100-012,12鄰,承德路,4段,80巷,,,,65號,121.52208653022,25.083353294327
臺北市士林區承德里1鄰承德路四段66號,63,6301100,6301100-012,1鄰,承德路,4段,,,,,66號,121.52273876222,25.081816421073
臺北市士林區承德里20鄰承德路四段67號,63,6301100,6301100-012,20鄰,承德路,4段,,,,,67號,121.52321954265,25.081704693068
臺北市士林區承德里12鄰承德路四段80巷67號,63,6301100,6301100-012,12鄰,承德路,4段,80巷,,,,67號,121.52213661347,25.083383957904
臺北市士林區承德里20鄰承德路四段67之1號,63,6301100,6301100-012,20鄰,承德路,4段,,,,,67之1號,121.52323508076,25.081738321906
臺北市士林區承德里1鄰承德路四段68號,63,6301100,6301100-012,1鄰,承德路,4段,,,,,68號,121.52275127153,25.081844165321
臺北市士林區承德里12鄰承德路四段80巷69號,63,6301100,6301100-012,12鄰,承德路,4段,80巷,,,,69號,121.52216029843,25.08339846388
臺北市士林區承德里20鄰承德路四段69號,63,6301100,6301100-012,20鄰,承德路,4段,,,,,69號,121.52322364231,25.081782951726
臺北市士林區承德里1鄰承德路四段70號,63,6301100,6301100-012,1鄰,承德路,4段,,,,,70號,121.522781594,25.081911389637
臺北市士林區承德里12鄰承德路四段80巷71號,63,6301100,6301100-012,12鄰,承德路,4段,80巷,,,,71號,121.52220867228,25.083428104251
臺北市士林區承德里20鄰承德路四段71號,63,6301100,6301100-012,20鄰,承德路,4段,,,,,71號,121.52324566194,25.081834830465
臺北市士林區承德里20鄰承德路四段73號,63,6301100,6301100-012,20鄰,承德路,4段,,,,,73號,121.52325550528,25.081858042963
臺北市士林區承德里20鄰承德路四段73之1號,63,6301100,6301100-012,20鄰,承德路,4段,,,,,73之1號,121.52327672394,25.081908055716
臺北市士林區承德里20鄰承德路四段75號,63,6301100,6301100-012,20鄰,承德路,4段,,,,,75號,121.52331311318,25.081993838235
臺北市士林區承德里20鄰承德路四段75之1號,63,6301100,6301100-012,20鄰,承德路,4段,,,,,75之1號,121.52332245591,25.082015878848
臺北市士林區承德里20鄰承德路四段75之2號,63,6301100,6301100-012,20鄰,承德路,4段,,,,,75之2號,121.52334129144,25.082060284553
臺北市士林區承德里21鄰承德路四段79號,63,6301100,6301100-012,21鄰,承德路,4段,,,,,79號,121.523439582,25.082263357701
臺北市士林區承德里21鄰承德路四段79之1號,63,6301100,6301100-012,21鄰,承德路,4段,,,,,79之1號,121.52346342887,25.082320610668
臺北市士林區承德里21鄰承德路四段79之2號,63,6301100,6301100-012,21鄰,承德路,4段,,,,,79之2號,121.52348336538,25.082381452528
臺北市士林區承德里21鄰承德路四段81號,63,6301100,6301100-012,21鄰,承德路,4段,,,,,81號,121.52353722154,25.082499746535
臺北市士林區承德里21鄰承德路四段81之1號,63,6301100,6301100-012,21鄰,承德路,4段,,,,,81之1號,121.52356358145,25.082581456605
臺北市士林區承德里21鄰承德路四段81之2號,63,6301100,6301100-012,21鄰,承德路,4段,,,,,81之2號,121.52359141802,25.082667720618
臺北市士林區承德里21鄰承德路四段83號,63,6301100,6301100-012,21鄰,承德路,4段,,,,,83號,121.52362679934,25.082777457989
臺北市士林區承德里21鄰承德路四段83之1號,63,6301100,6301100-012,21鄰,承德路,4段,,,,,83之1號,121.52364901048,25.082846308694
臺北市士林區承德里21鄰承德路四段83之2號,63,6301100,6301100-012,21鄰,承德路,4段,,,,,83之2號,121.52367030738,25.082912300732
臺北市士林區承德里19鄰承德路四段85號,63,6301100,6301100-012,19鄰,承德路,4段,,,,,85號,121.52374636373,25.083141010472
臺北市士林區承德里19鄰承德路四段87號,63,6301100,6301100-012,19鄰,承德路,4段,,,,,87號,121.52376648664,25.083215303403
臺北市士林區承德里19鄰承德路四段89號,63,6301100,6301100-012,19鄰,承德路,4段,,,,,89號,121.52378612609,25.083287801457
臺北市士林區承德里19鄰承德路四段91號,63,6301100,6301100-012,19鄰,承德路,4段,,,,,91號,121.52381770051,25.083404395458
臺北市士林區承德里19鄰承德路四段93號,63,6301100,6301100-012,19鄰,承德路,4段,,,,,93號,121.52383712855,25.083476117838
臺北市士林區承德里19鄰承德路四段95號,63,6301100,6301100-012,19鄰,承德路,4段,,,,,95號,121.52385524734,25.083543014836
臺北市士林區承德里2鄰承德路四段96號,63,6301100,6301100-012,2鄰,承德路,4段,,,,,96號,121.52308663098,25.082711047769
臺北市士林區承德里19鄰承德路四段97號,63,6301100,6301100-012,19鄰,承德路,4段,,,,,97號,121.52382189546,25.083838015359
臺北市士林區承德里2鄰承德路四段98號,63,6301100,6301100-012,2鄰,承德路,4段,,,,,98號,121.52310188504,25.082766453248
臺北市士林區承德里2鄰承德路四段100號,63,6301100,6301100-012,2鄰,承德路,4段,,,,,100號,121.5231174008,25.08282278769
臺北市士林區承德里2鄰承德路四段104號,63,6301100,6301100-012,2鄰,承德路,4段,,,,,104號,121.52304183463,25.082951712629
臺北市士林區承德里2鄰承德路四段108號,63,6301100,6301100-012,2鄰,承德路,4段,,,,,108號,121.5231773197,25.083040414021
臺北市士林區承德里3鄰承德路四段110號,63,6301100,6301100-012,3鄰,承德路,4段,,,,,110號,121.52303344183,25.083162546923
臺北市士林區承德里3鄰承德路四段110之1號,63,6301100,6301100-012,3鄰,承德路,4段,,,,,110之1號,121.52318753083,25.083138467665
臺北市士林區承德里3鄰承德路四段116號,63,6301100,6301100-012,3鄰,承德路,4段,,,,,116號,121.52302289301,25.083285934197
臺北市士林區承德里3鄰承德路四段116之1號,63,6301100,6301100-012,3鄰,承德路,4段,,,,,116之1號,121.5232197262,25.083310329268
臺北市士林區承德里3鄰承德路四段116之2號,63,6301100,6301100-012,3鄰,承德路,4段,,,,,116之2號,121.52301920106,25.083343266227
臺北市士林區承德里3鄰承德路四段118號,63,6301100,6301100-012,3鄰,承德路,4段,,,,,118號,121.52323179168,25.083371189876
臺北市士林區承德里4鄰承德路四段120號,63,6301100,6301100-012,4鄰,承德路,4段,,,,,120號,121.52327524809,25.083456631483
臺北市士林區承德里4鄰承德路四段122號,63,6301100,6301100-012,4鄰,承德路,4段,,,,,122號,121.52328752478,25.083553170148
臺北市士林區承德里4鄰承德路四段124號,63,6301100,6301100-012,4鄰,承德路,4段,,,,,124號,121.52329749402,25.083631606702
臺北市士林區承德里4鄰承德路四段126號,63,6301100,6301100-012,4鄰,承德路,4段,,,,,126號,121.52331098097,25.083737656647
臺北市士林區承德里4鄰承德路四段128號,63,6301100,6301100-012,4鄰,承德路,4段,,,,,128號,121.52327993384,25.083828931256
臺北市士林區承德里4鄰承德路四段130號,63,6301100,6301100-012,4鄰,承德路,4段,,,,,130號,121.52315201211,25.083840613156
臺北市士林區福華里6鄰承德路四段40巷1號,63,6301100,6301100-013,6鄰,承德路,4段,40巷,,,,1號,121.52219658688,25.080995432814
臺北市士林區福華里7鄰承德路四段40巷1號,63,6301100,6301100-013,7鄰,承德路,4段,40巷,,,,1號,121.52219658688,25.080995432814
臺北市士林區福華里14鄰承德路四段40巷71弄2號,63,6301100,6301100-013,14鄰,承德路,4段,40巷,71弄,,,2號,121.52122344548,25.081685996113
臺北市士林區福華里4鄰承德路四段40巷2號,63,6301100,6301100-013,4鄰,承德路,4段,40巷,,,,2號,121.52212211271,25.080816208325
臺北市士林區福華里2鄰承德路四段40巷2號,63,6301100,6301100-013,2鄰,承德路,4段,40巷,,,,2號,121.52212211271,25.080816208325
臺北市士林區福華里3鄰承德路四段40巷2號,63,6301100,6301100-013,3鄰,承德路,4段,40巷,,,,2號,121.52212211271,25.080816208325
臺北市士林區福華里4鄰承德路四段40巷4號,63,6301100,6301100-013,4鄰,承德路,4段,40巷,,,,4號,121.52206861433,25.080709314911
臺北市士林區福華里6鄰承德路四段40巷5號,63,6301100,6301100-013,6鄰,承德路,4段,40巷,,,,5號,121.52215066569,25.081015609555
臺北市士林區福華里4鄰承德路四段40巷6號,63,6301100,6301100-013,4鄰,承德路,4段,40巷,,,,6號,121.52207175895,25.080838377777
臺北市士林區福華里6鄰承德路四段40巷7號,63,6301100,6301100-013,6鄰,承德路,4段,40巷,,,,7號,121.52221271335,25.081130444611
臺北市士林區福華里4鄰承德路四段40巷8號,63,6301100,6301100-013,4鄰,承德路,4段,40巷,,,,8號,121.52201734207,25.080732282043
臺北市士林區福華里6鄰承德路四段40巷9號,63,6301100,6301100-013,6鄰,承德路,4段,40巷,,,,9號,121.52211020633,25.081033383664
臺北市士林區福華里4鄰承德路四段40巷10號,63,6301100,6301100-013,4鄰,承德路,4段,40巷,,,,10號,121.52202702532,25.080858071816
臺北市士林區福華里6鄰承德路四段40巷11號,63,6301100,6301100-013,6鄰,承德路,4段,40巷,,,,11號,121.52217223352,25.081148074361
臺北市士林區福華里4鄰承德路四段40巷12號,63,6301100,6301100-013,4鄰,承德路,4段,40巷,,,,12號,121.52197043313,25.080753283755
臺北市士林區福華里6鄰承德路四段40巷13號,63,6301100,6301100-013,6鄰,承德路,4段,40巷,,,,13號,121.52206430489,25.081053551281
臺北市士林區福華里4鄰承德路四段40巷14號,63,6301100,6301100-013,4鄰,承德路,4段,40巷,,,,14號,121.52197560291,25.080880714453
臺北市士林區福華里6鄰承德路四段40巷15號,63,6301100,6301100-013,6鄰,承德路,4段,40巷,,,,15號,121.52212666779,25.081167933862
臺北市士林區福華里4鄰承德路四段40巷16號,63,6301100,6301100-013,4鄰,承德路,4段,40巷,,,,16號,121.52192134749,25.080775277163
臺北市士林區福華里6鄰承德路四段40巷17號,63,6301100,6301100-013,6鄰,承德路,4段,40巷,,,,17號,121.52202227225,25.081072017032
臺北市士林區福華里4鄰承德路四段40巷18號,63,6301100,6301100-013,4鄰,承德路,4段,40巷,,,,18號,121.52192958297,25.080900981753
臺北市士林區福華里6鄰承德路四段40巷19號,63,6301100,6301100-013,6鄰,承德路,4段,40巷,,,,19號,121.52208959184,25.081184098099
臺北市士林區福華里4鄰承德路四段40巷20號,63,6301100,6301100-013,4鄰,承德路,4段,40巷,,,,20號,121.52187397353,25.080796497152
臺北市士林區福華里6鄰承德路四段40巷21號,63,6301100,6301100-013,6鄰,承德路,4段,40巷,,,,21號,121.52196078659,25.081099019493
臺北市士林區福華里7鄰承德路四段40巷21號,63,6301100,6301100-013,7鄰,承德路,4段,40巷,,,,21號,121.52196078659,25.081099019493
臺北市士林區福華里4鄰承德路四段40巷22號,63,6301100,6301100-013,4鄰,承德路,4段,40巷,,,,22號,121.52187655761,25.08092433418
臺北市士林區福華里6鄰承德路四段40巷23號,63,6301100,6301100-013,6鄰,承德路,4段,40巷,,,,23號,121.52202252456,25.081213323064
臺北市士林區福華里4鄰承德路四段40巷24號,63,6301100,6301100-013,4鄰,承德路,4段,40巷,,,,24號,121.5218221174,25.080819719056
臺北市士林區福華里6鄰承德路四段40巷25號,63,6301100,6301100-013,6鄰,承德路,4段,40巷,,,,25號,121.52190831502,25.081122072058
臺北市士林區福華里3鄰承德路四段40巷26號,63,6301100,6301100-013,3鄰,承德路,4段,40巷,,,,26號,121.52178556207,25.080975057695
臺北市士林區福華里4鄰承德路四段40巷26號,63,6301100,6301100-013,4鄰,承德路,4段,40巷,,,,26號,121.52178556207,25.080975057695
臺北市士林區福華里2鄰承德路四段40巷26號,63,6301100,6301100-013,2鄰,承德路,4段,40巷,,,,26號,121.52178556207,25.080975057695
臺北市士林區福華里6鄰承德路四段40巷27號,63,6301100,6301100-013,6鄰,承德路,4段,40巷,,,,27號,121.52197435641,25.08123431115
臺北市士林區福華里1鄰承德路四段28號,63,6301100,6301100-013,1鄰,承德路,4段,,,,,28號,121.52199817954,25.080397878503
臺北市士林區福華里4鄰承德路四段40巷28號,63,6301100,6301100-013,4鄰,承德路,4段,40巷,,,,28號,121.52172026295,25.080853101728
臺北市士林區福華里6鄰承德路四段40巷29號,63,6301100,6301100-013,6鄰,承德路,4段,40巷,,,,29號,121.52185120281,25.081147163205
臺北市士林區福華里1鄰承德路四段30號,63,6301100,6301100-013,1鄰,承德路,4段,,,,,30號,121.52203410101,25.080464839545
臺北市士林區福華里4鄰承德路四段40巷30號,63,6301100,6301100-013,4鄰,承德路,4段,40巷,,,,30號,121.52173076457,25.080998967012
臺北市士林區福華里6鄰承德路四段40巷31號,63,6301100,6301100-013,6鄰,承德路,4段,40巷,,,,31號,121.52191943007,25.081258248074
臺北市士林區福華里1鄰承德路四段32號,63,6301100,6301100-013,1鄰,承德路,4段,,,,,32號,121.52207838607,25.080547434811
臺北市士林區福華里4鄰承德路四段40巷32號,63,6301100,6301100-013,4鄰,承德路,4段,40巷,,,,32號,121.52166496134,25.08087734683
臺北市士林區福華里6鄰承德路四段40巷33號,63,6301100,6301100-013,6鄰,承德路,4段,40巷,,,,33號,121.52179257669,25.0811729187
臺北市士林區福華里1鄰承德路四段34號,63,6301100,6301100-013,1鄰,承德路,4段,,,,,34號,121.52210859227,25.080603771875
臺北市士林區福華里4鄰承德路四段40巷34號,63,6301100,6301100-013,4鄰,承德路,4段,40巷,,,,34號,121.52167590768,25.081022903601
臺北市士林區福華里6鄰承德路四段40巷35號,63,6301100,6301100-013,6鄰,承德路,4段,40巷,,,,35號,121.52185853709,25.081284778951
臺北市士林區福華里4鄰承德路四段40巷36號,63,6301100,6301100-013,4鄰,承德路,4段,40巷,,,,36號,121.52161010494,25.08090139173
臺北市士林區福華里6鄰承德路四段40巷37號,63,6301100,6301100-013,6鄰,承德路,4段,40巷,,,,37號,121.52173065559,25.081200121214
臺北市士林區福華里4鄰承德路四段40巷38號,63,6301100,6301100-013,4鄰,承德路,4段,40巷,,,,38號,121.5216221095,25.08104637602
臺北市士林區福華里6鄰承德路四段40巷39號,63,6301100,6301100-013,6鄰,承德路,4段,40巷,,,,39號,121.52179806957,25.081311127746
臺北市士林區福華里4鄰承德路四段40巷40號,63,6301100,6301100-013,4鄰,承德路,4段,40巷,,,,40號,121.52156023541,25.080923234298
臺北市士林區福華里6鄰承德路四段40巷41號,63,6301100,6301100-013,6鄰,承德路,4段,40巷,,,,41號,121.52167304858,25.081225430706
臺北市士林區福華里6鄰承德路四段42號,63,6301100,6301100-013,6鄰,承德路,4段,,,,,42號,121.52227686729,25.080940295933
臺北市士林區福華里4鄰承德路四段40巷42號,63,6301100,6301100-013,4鄰,承德路,4段,40巷,,,,42號,121.52156447211,25.081071523071
臺北市士林區福華里6鄰承德路四段40巷43號,63,6301100,6301100-013,6鄰,承德路,4段,40巷,,,,43號,121.52173882898,25.081336939549
臺北市士林區福華里4鄰承德路四段40巷44號,63,6301100,6301100-013,4鄰,承德路,4段,40巷,,,,44號,121.521502658,25.080948489451
臺北市士林區福華里6鄰承德路四段40巷45號,63,6301100,6301100-013,6鄰,承德路,4段,40巷,,,,45號,121.52161713353,25.081249993929
臺北市士林區福華里4鄰承德路四段40巷46號,63,6301100,6301100-013,4鄰,承德路,4段,40巷,,,,46號,121.52150407406,25.08109788053
臺北市士林區福華里6鄰承德路四段40巷47號,63,6301100,6301100-013,6鄰,承德路,4段,40巷,,,,47號,121.5216799545,25.081362596565
臺北市士林區福華里4鄰承德路四段40巷48號,63,6301100,6301100-013,4鄰,承德路,4段,40巷,,,,48號,121.52144226041,25.080974946192
臺北市士林區福華里6鄰承德路四段40巷49號,63,6301100,6301100-013,6鄰,承德路,4段,40巷,,,,49號,121.52147378477,25.081314389148
臺北市士林區福華里7鄰承德路四段40巷49號,63,6301100,6301100-013,7鄰,承德路,4段,40巷,,,,49號,121.52147378477,25.081314389148
臺北市士林區福華里4鄰承德路四段40巷50號,63,6301100,6301100-013,4鄰,承德路,4段,40巷,,,,50號,121.52141266845,25.081131433922
臺北市士林區福華里3鄰承德路四段40巷50號,63,6301100,6301100-013,3鄰,承德路,4段,40巷,,,,50號,121.52141266845,25.081131433922
臺北市士林區福華里2鄰承德路四段40巷50號,63,6301100,6301100-013,2鄰,承德路,4段,40巷,,,,50號,121.52141266845,25.081131433922
臺北市士林區福華里6鄰承德路四段40巷51號,63,6301100,6301100-013,6鄰,承德路,4段,40巷,,,,51號,121.52154276484,25.08142305203
臺北市士林區福華里4鄰承德路四段40巷52號,63,6301100,6301100-013,4鄰,承德路,4段,40巷,,,,52號,121.52135644466,25.081024594965
臺北市士林區福華里6鄰承德路四段40巷53號,63,6301100,6301100-013,6鄰,承德路,4段,40巷,,,,53號,121.52143158255,25.081332647684
臺北市士林區福華里4鄰承德路四段40巷54號,63,6301100,6301100-013,4鄰,承德路,4段,40巷,,,,54號,121.52136121539,25.081153913951
臺北市士林區福華里6鄰承德路四段40巷55號,63,6301100,6301100-013,6鄰,承德路,4段,40巷,,,,55號,121.5214961206,25.081443438757
臺北市士林區福華里4鄰承德路四段40巷56號,63,6301100,6301100-013,4鄰,承德路,4段,40巷,,,,56號,121.5213064152,25.081046149113
臺北市士林區福華里6鄰承德路四段40巷57號,63,6301100,6301100-013,6鄰,承德路,4段,40巷,,,,57號,121.521382246,25.081353991779
臺北市士林區福華里4鄰承德路四段40巷58號,63,6301100,6301100-013,4鄰,承德路,4段,40巷,,,,58號,121.5213096732,25.081176421359
臺北市士林區福華里6鄰承德路四段40巷59號,63,6301100,6301100-013,6鄰,承德路,4段,40巷,,,,59號,121.52144462793,25.081465955066
臺北市士林區福華里4鄰承德路四段40巷60號,63,6301100,6301100-013,4鄰,承德路,4段,40巷,,,,60號,121.52125274436,25.081069277886
臺北市士林區福華里6鄰承德路四段40巷61號,63,6301100,6301100-013,6鄰,承德路,4段,40巷,,,,61號,121.52133562071,25.081374170744
臺北市士林區福華里4鄰承德路四段40巷62號,63,6301100,6301100-013,4鄰,承德路,4段,40巷,,,,62號,121.52126030788,25.081197982187
臺北市士林區福華里6鄰承德路四段40巷63號,63,6301100,6301100-013,6鄰,承德路,4段,40巷,,,,63號,121.52139266025,25.081488671644
臺北市士林區福華里4鄰承德路四段40巷64號,63,6301100,6301100-013,4鄰,承德路,4段,40巷,,,,64號,121.52120239826,25.08109097756
臺北市士林區福華里6鄰承德路四段40巷65號,63,6301100,6301100-013,6鄰,承德路,4段,40巷,,,,65號,121.52128570038,25.08139577867
臺北市士林區福華里4鄰承德路四段40巷66號,63,6301100,6301100-013,4鄰,承德路,4段,40巷,,,,66號,121.52120987389,25.081220007182
臺北市士林區福華里6鄰承德路四段40巷67號,63,6301100,6301100-013,6鄰,承德路,4段,40巷,,,,67號,121.52134005926,25.081511661269
臺北市士林區福華里4鄰承德路四段40巷68號,63,6301100,6301100-013,4鄰,承德路,4段,40巷,,,,68號,121.52115375407,25.081111939969
臺北市士林區福華里6鄰承德路四段40巷69號,63,6301100,6301100-013,6鄰,承德路,4段,40巷,,,,69號,121.52125473409,25.08140804821
臺北市士林區福華里4鄰承德路四段40巷70號,63,6301100,6301100-013,4鄰,承德路,4段,40巷,,,,70號,121.52115832173,25.081242514574
臺北市士林區福華里4鄰承德路四段40巷72號,63,6301100,6301100-013,4鄰,承德路,4段,40巷,,,,72號,121.52110139919,25.0811344953
臺北市士林區福華里11鄰承德路四段40巷73號,63,6301100,6301100-013,11鄰,承德路,4段,40巷,,,,73號,121.52111478807,25.081456740396
臺北市士林區福華里12鄰承德路四段40巷73號,63,6301100,6301100-013,12鄰,承德路,4段,40巷,,,,73號,121.52111478807,25.081456740396
臺北市士林區福華里10鄰承德路四段40巷73號,63,6301100,6301100-013,10鄰,承德路,4段,40巷,,,,73號,121.52111478807,25.081456740396
臺北市士林區福華里14鄰承德路四段40巷74號,63,6301100,6301100-013,14鄰,承德路,4段,40巷,,,,74號,121.52091504449,25.081273233439
臺北市士林區福華里10鄰承德路四段40巷75號,63,6301100,6301100-013,10鄰,承德路,4段,40巷,,,,75號,121.52117055453,25.081567950617
臺北市士林區福華里14鄰承德路四段40巷76號,63,6301100,6301100-013,14鄰,承德路,4段,40巷,,,,76號,121.52084169702,25.081306000854
臺北市士林區福華里10鄰承德路四段40巷77號,63,6301100,6301100-013,10鄰,承德路,4段,40巷,,,,77號,121.52106812327,25.081476973584
臺北市士林區福華里14鄰承德路四段40巷78號,63,6301100,6301100-013,14鄰,承德路,4段,40巷,,,,78號,121.52082340914,25.081407188146
臺北市士林區福華里10鄰承德路四段40巷79號,63,6301100,6301100-013,10鄰,承德路,4段,40巷,,,,79號,121.52112404896,25.081588336741
臺北市士林區福華里14鄰承德路四段40巷80號,63,6301100,6301100-013,14鄰,承德路,4段,40巷,,,,80號,121.52075010171,25.08144007274
臺北市士林區福華里10鄰承德路四段40巷81號,63,6301100,6301100-013,10鄰,承德路,4段,40巷,,,,81號,121.52101596675,25.081499591385
臺北市士林區福華里14鄰承德路四段40巷82號,63,6301100,6301100-013,14鄰,承德路,4段,40巷,,,,82號,121.52065030873,25.081391508931
臺北市士林區福華里10鄰承德路四段40巷83號,63,6301100,6301100-013,10鄰,承德路,4段,40巷,,,,83號,121.5210741791,25.081610188177
臺北市士林區福華里14鄰承德路四段40巷84號,63,6301100,6301100-013,14鄰,承德路,4段,40巷,,,,84號,121.52057204362,25.08142648728
臺北市士林區福華里10鄰承德路四段40巷85號,63,6301100,6301100-013,10鄰,承德路,4段,40巷,,,,85號,121.52096487886,25.081521744987
臺北市士林區福華里14鄰承德路四段40巷86號,63,6301100,6301100-013,14鄰,承德路,4段,40巷,,,,86號,121.52051200905,25.081449809642
臺北市士林區福華里10鄰承德路四段40巷87號,63,6301100,6301100-013,10鄰,承德路,4段,40巷,,,,87號,121.52102378482,25.081632276167
臺北市士林區福華里14鄰承德路四段40巷88號,63,6301100,6301100-013,14鄰,承德路,4段,40巷,,,,88號,121.52044640912,25.081479209314
臺北市士林區福華里10鄰承德路四段40巷89號,63,6301100,6301100-013,10鄰,承德路,4段,40巷,,,,89號,121.52091213846,25.081544608558
臺北市士林區福華里14鄰承德路四段40巷90號,63,6301100,6301100-013,14鄰,承德路,4段,40巷,,,,90號,121.52041739916,25.08158610377
臺北市士林區福華里10鄰承德路四段40巷91號,63,6301100,6301100-013,10鄰,承德路,4段,40巷,,,,91號,121.52096784944,25.08165679408
臺北市士林區福華里14鄰承德路四段40巷92號,63,6301100,6301100-013,14鄰,承德路,4段,40巷,,,,92號,121.52034503538,25.081619490427
臺北市士林區福華里10鄰承德路四段40巷93號,63,6301100,6301100-013,10鄰,承德路,4段,40巷,,,,93號,121.52085727064,25.081568400438
臺北市士林區福華里14鄰承德路四段40巷94號,63,6301100,6301100-013,14鄰,承德路,4段,40巷,,,,94號,121.5202512517,25.081566689184
臺北市士林區福華里10鄰承德路四段40巷95號,63,6301100,6301100-013,10鄰,承德路,4段,40巷,,,,95號,121.52091478353,25.081680056029
臺北市士林區福華里14鄰承德路四段40巷96號,63,6301100,6301100-013,14鄰,承德路,4段,40巷,,,,96號,121.52017628164,25.081600292541
臺北市士林區福華里10鄰承德路四段40巷97號,63,6301100,6301100-013,10鄰,承德路,4段,40巷,,,,97號,121.52080782524,25.081589835006
臺北市士林區福華里14鄰承德路四段40巷98號,63,6301100,6301100-013,14鄰,承德路,4段,40巷,,,,98號,121.52010443765,25.081632368193
臺北市士林區福華里10鄰承德路四段40巷99號,63,6301100,6301100-013,10鄰,承德路,4段,40巷,,,,99號,121.52086429022,25.081702180425
臺北市士林區福華里14鄰承德路四段40巷100號,63,6301100,6301100-013,14鄰,承德路,4段,40巷,,,,100號,121.52003450455,25.081663895433
臺北市士林區福華里10鄰承德路四段40巷101號,63,6301100,6301100-013,10鄰,承德路,4段,40巷,,,,101號,121.52074842551,25.081615601836
臺北市士林區福華里14鄰承德路四段40巷102號,63,6301100,6301100-013,14鄰,承德路,4段,40巷,,,,102號,121.52002264296,25.081761159997
臺北市士林區福華里10鄰承德路四段40巷103號,63,6301100,6301100-013,10鄰,承德路,4段,40巷,,,,103號,121.52080783041,25.081726943875
臺北市士林區福華里14鄰承德路四段40巷104號,63,6301100,6301100-013,14鄰,承德路,4段,40巷,,,,104號,121.51994336143,25.08179498599
臺北市士林區福華里12鄰承德路四段40巷105號,63,6301100,6301100-013,12鄰,承德路,4段,40巷,,,,105號,121.52064550204,25.081654277963
臺北市士林區福華里11鄰承德路四段40巷105號,63,6301100,6301100-013,11鄰,承德路,4段,40巷,,,,105號,121.52064550204,25.081654277963
臺北市士林區福華里10鄰承德路四段40巷105號,63,6301100,6301100-013,10鄰,承德路,4段,40巷,,,,105號,121.52064550204,25.081654277963
臺北市士林區福華里14鄰承德路四段40巷106號,63,6301100,6301100-013,14鄰,承德路,4段,40巷,,,,106號,121.51985941463,25.081742890336
臺北市士林區福華里10鄰承德路四段40巷107號,63,6301100,6301100-013,10鄰,承德路,4段,40巷,,,,107號,121.52070927358,25.081778496768
臺北市士林區福華里14鄰承德路四段40巷108號,63,6301100,6301100-013,14鄰,承德路,4段,40巷,,,,108號,121.51977577781,25.081780613555
臺北市士林區福華里10鄰承德路四段40巷109號,63,6301100,6301100-013,10鄰,承德路,4段,40巷,,,,109號,121.52060053907,25.081673782792
臺北市士林區福華里10鄰承德路四段40巷111號,63,6301100,6301100-013,10鄰,承德路,4段,40巷,,,,111號,121.5206651244,25.081798224463
臺北市士林區福華里10鄰承德路四段40巷113號,63,6301100,6301100-013,10鄰,承德路,4段,40巷,,,,113號,121.5205456316,25.081697601781
臺北市士林區福華里10鄰承德路四段40巷115號,63,6301100,6301100-013,10鄰,承德路,4段,40巷,,,,115號,121.52060942831,25.081823102523
臺北市士林區福華里10鄰承德路四段40巷117號,63,6301100,6301100-013,10鄰,承德路,4段,40巷,,,,117號,121.52048965544,25.081721884928
臺北市士林區福華里10鄰承德路四段40巷119號,63,6301100,6301100-013,10鄰,承德路,4段,40巷,,,,119號,121.52055425662,25.081847753023
臺北市士林區福華里10鄰承德路四段40巷121號,63,6301100,6301100-013,10鄰,承德路,4段,40巷,,,,121號,121.52043365939,25.081746159096
臺北市士林區福華里10鄰承德路四段40巷123號,63,6301100,6301100-013,10鄰,承德路,4段,40巷,,,,123號,121.52049965877,25.081872139676
臺北市士林區福華里10鄰承德路四段40巷125號,63,6301100,6301100-013,10鄰,承德路,4段,40巷,,,,125號,121.52038310572,25.081768102981
臺北市士林區福華里10鄰承德路四段40巷127號,63,6301100,6301100-013,10鄰,承德路,4段,40巷,,,,127號,121.5204471289,25.081895616253
臺北市士林區福華里10鄰承德路四段40巷129號,63,6301100,6301100-013,10鄰,承德路,4段,40巷,,,,129號,121.52032435888,25.081793587483
臺北市士林區福華里10鄰承德路四段40巷131號,63,6301100,6301100-013,10鄰,承德路,4段,40巷,,,,131號,121.52039478694,25.081918992844
臺北市士林區福華里10鄰承德路四段40巷133號,63,6301100,6301100-013,10鄰,承德路,4段,40巷,,,,133號,121.52026589896,25.081818944564
臺北市士林區福華里10鄰承德路四段40巷135號,63,6301100,6301100-013,10鄰,承德路,4段,40巷,,,,135號,121.52033084862,25.08194755606
臺北市士林區福華里10鄰承德路四段40巷137號,63,6301100,6301100-013,10鄰,承德路,4段,40巷,,,,137號,121.5201832802,25.081867669627
臺北市士林區福華里12鄰承德路四段40巷137號,63,6301100,6301100-013,12鄰,承德路,4段,40巷,,,,137號,121.5201832802,25.081867669627
臺北市士林區福華里11鄰承德路四段40巷137號,63,6301100,6301100-013,11鄰,承德路,4段,40巷,,,,137號,121.5201832802,25.081867669627
臺北市士林區福華里10鄰承德路四段40巷139號,63,6301100,6301100-013,10鄰,承德路,4段,40巷,,,,139號,121.52024133604,25.081976551967
臺北市士林區福華里10鄰承德路四段40巷141號,63,6301100,6301100-013,10鄰,承德路,4段,40巷,,,,141號,121.52013527207,25.081889126019
臺北市士林區福華里10鄰承德路四段40巷143號,63,6301100,6301100-013,10鄰,承德路,4段,40巷,,,,143號,121.52019533531,25.081996836725
臺北市士林區福華里10鄰承德路四段40巷145號,63,6301100,6301100-013,10鄰,承德路,4段,40巷,,,,145號,121.52008509696,25.081911537935
臺北市士林區福華里10鄰承德路四段40巷147號,63,6301100,6301100-013,10鄰,承德路,4段,40巷,,,,147號,121.5201423587,25.082020188368
臺北市士林區福華里10鄰承德路四段40巷149號,63,6301100,6301100-013,10鄰,承德路,4段,40巷,,,,149號,121.52002775829,25.081937170863
臺北市士林區福華里10鄰承德路四段40巷151號,63,6301100,6301100-013,10鄰,承德路,4段,40巷,,,,151號,121.52008698762,25.082044613693
臺北市士林區福華里10鄰承德路四段40巷153號,63,6301100,6301100-013,10鄰,承德路,4段,40巷,,,,153號,121.51997257657,25.081961830211
臺北市士林區福華里10鄰承德路四段40巷155號,63,6301100,6301100-013,10鄰,承德路,4段,40巷,,,,155號,121.52003174512,25.082068975351
臺北市士林區福華里10鄰承德路四段40巷157號,63,6301100,6301100-013,10鄰,承德路,4段,40巷,,,,157號,121.51991906696,25.081985734353
臺北市士林區福華里10鄰承德路四段40巷159號,63,6301100,6301100-013,10鄰,承德路,4段,40巷,,,,159號,121.51997520635,25.082093901269
臺北市士林區福華里10鄰承德路四段40巷161號,63,6301100,6301100-013,10鄰,承德路,4段,40巷,,,,161號,121.51986500326,25.082009893202
臺北市士林區福華里10鄰承德路四段40巷163號,63,6301100,6301100-013,10鄰,承德路,4段,40巷,,,,163號,121.51992276398,25.082117016233
臺北市士林區福華里10鄰承德路四段40巷165號,63,6301100,6301100-013,10鄰,承德路,4段,40巷,,,,165號,121.51980874293,25.082035025726
臺北市士林區福華里10鄰承德路四段40巷167號,63,6301100,6301100-013,10鄰,承德路,4段,40巷,,,,167號,121.51986578983,25.082142142252
臺北市士林區明勝里12鄰承德路四段10巷1號,63,6301100,6301100-014,12鄰,承德路,4段,10巷,,,,1號,121.52154627319,25.079623624226
臺北市士林區明勝里16鄰承德路四段6巷1號,63,6301100,6301100-014,16鄰,承德路,4段,6巷,,,,1號,121.52132576408,25.079182584475
臺北市士林區明勝里18鄰承德路四段2巷1號,63,6301100,6301100-014,18鄰,承德路,4段,2巷,,,,1號,121.52104697049,25.078922355038
臺北市士林區明勝里1鄰承德路四段1巷1號,63,6301100,6301100-014,1鄰,承德路,4段,1巷,,,,1號,121.52158378847,25.07857651901
臺北市士林區明勝里3鄰承德路四段3巷1號,63,6301100,6301100-014,3鄰,承德路,4段,3巷,,,,1號,121.52176403124,25.078994245115
臺北市士林區明勝里6鄰承德路四段12巷1號,63,6301100,6301100-014,6鄰,承德路,4段,12巷,,,,1號,121.52167270172,25.080009119759
臺北市士林區明勝里2鄰承德路四段3巷2號,63,6301100,6301100-014,2鄰,承德路,4段,3巷,,,,2號,121.52170184203,25.078843307163
臺北市士林區明勝里18鄰承德路四段6巷2號,63,6301100,6301100-014,18鄰,承德路,4段,6巷,,,,2號,121.52128261484,25.07906130882
臺北市士林區明勝里14鄰承德路四段10巷2號,63,6301100,6301100-014,14鄰,承德路,4段,10巷,,,,2號,121.52146230032,25.079441146521
臺北市士林區明勝里10鄰承德路四段12巷2號,63,6301100,6301100-014,10鄰,承德路,4段,12巷,,,,2號,121.52169097197,25.079861880363
臺北市士林區明勝里10鄰承德路四段12巷2之1號,63,6301100,6301100-014,10鄰,承德路,4段,12巷,,,,2之1號,121.52161469113,25.079901628113
臺北市士林區明勝里2鄰承德路四段3巷2之1號,63,6301100,6301100-014,2鄰,承德路,4段,3巷,,,,2之1號,121.52166450254,25.078867308561
臺北市士林區明勝里3鄰承德路四段3巷3號,63,6301100,6301100-014,3鄰,承德路,4段,3巷,,,,3號,121.52183063348,25.078963153103
臺北市士林區明勝里18鄰承德路四段2巷3號,63,6301100,6301100-014,18鄰,承德路,4段,2巷,,,,3號,121.52094875691,25.0789467144
臺北市士林區明勝里1鄰承德路四段1巷3號,63,6301100,6301100-014,1鄰,承德路,4段,1巷,,,,3號,121.52161992492,25.078554029545
臺北市士林區明勝里12鄰承德路四段10巷3號,63,6301100,6301100-014,12鄰,承德路,4段,10巷,,,,3號,121.52148076937,25.079652021896
臺北市士林區明勝里16鄰承德路四段6巷3號,63,6301100,6301100-014,16鄰,承德路,4段,6巷,,,,3號,121.5212485639,25.079213505838
臺北市士林區明勝里8鄰承德路四段12巷3號,63,6301100,6301100-014,8鄰,承德路,4段,12巷,,,,3號,121.52153208414,25.080074372119
臺北市士林區明勝里14鄰承德路四段10巷4號,63,6301100,6301100-014,14鄰,承德路,4段,10巷,,,,4號,121.52138322329,25.079476001749
臺北市士林區明勝里2鄰承德路四段3巷4號,63,6301100,6301100-014,2鄰,承德路,4段,3巷,,,,4號,121.52175709009,25.078823016525
臺北市士林區明勝里18鄰承德路四段6巷4號,63,6301100,6301100-014,18鄰,承德路,4段,6巷,,,,4號,121.52120918969,25.079061350016
臺北市士林區明勝里18鄰承德路四段4號,63,6301100,6301100-014,18鄰,承德路,4段,,,,,4號,121.52116165905,25.078832358036
臺北市士林區明勝里18鄰承德路四段2巷5號,63,6301100,6301100-014,18鄰,承德路,4段,2巷,,,,5號,121.52087880484,25.079006147784
臺北市士林區明勝里1鄰承德路四段1巷5號,63,6301100,6301100-014,1鄰,承德路,4段,1巷,,,,5號,121.52166878574,25.078523622892
臺北市士林區明勝里3鄰承德路四段3巷5號,63,6301100,6301100-014,3鄰,承德路,4段,3巷,,,,5號,121.52186562635,25.078946815698
臺北市士林區明勝里3鄰承德路四段5號,63,6301100,6301100-014,3鄰,承德路,4段,,,,,5號,121.52182964439,25.079178818521
臺北市士林區明勝里16鄰承德路四段6巷5號,63,6301100,6301100-014,16鄰,承德路,4段,6巷,,,,5號,121.52118458757,25.079242078573
臺北市士林區明勝里12鄰承德路四段10巷5號,63,6301100,6301100-014,12鄰,承德路,4段,10巷,,,,5號,121.52139488214,25.079689257378
臺北市士林區明勝里8鄰承德路四段12巷5號,63,6301100,6301100-014,8鄰,承德路,4段,12巷,,,,5號,121.52147711724,25.080097993038
臺北市士林區明勝里3鄰承德路四段5之1號,63,6301100,6301100-014,3鄰,承德路,4段,,,,,5之1號,121.52172484975,25.07950285137
臺北市士林區明勝里1鄰承德路四段5之2號,63,6301100,6301100-014,1鄰,承德路,4段,,,,,5之2號,121.52192352019,25.079789046049
臺北市士林區明勝里2鄰承德路四段3巷6號,63,6301100,6301100-014,2鄰,承德路,4段,3巷,,,,6號,121.52180686257,25.078801869396
臺北市士林區明勝里18鄰承德路四段6巷6號,63,6301100,6301100-014,18鄰,承德路,4段,6巷,,,,6號,121.52114110518,25.079091255254
臺北市士林區明勝里10鄰承德路四段12巷6號,63,6301100,6301100-014,10鄰,承德路,4段,12巷,,,,6號,121.52155933626,25.07992490736
臺北市士林區明勝里14鄰承德路四段10巷6號,63,6301100,6301100-014,14鄰,承德路,4段,10巷,,,,6號,121.52132526113,25.079501547078
臺北市士林區明勝里5鄰承德路四段33巷6號,63,6301100,6301100-014,5鄰,承德路,4段,33巷,,,,6號,121.52290935349,25.080541205083
臺北市士林區明勝里5鄰承德路四段33巷6之1號,63,6301100,6301100-014,5鄰,承德路,4段,33巷,,,,6之1號,121.52294617365,25.080541905928
臺北市士林區明勝里5鄰承德路四段33巷6之2號,63,6301100,6301100-014,5鄰,承德路,4段,33巷,,,,6之2號,121.52293455985,25.080346914051
臺北市士林區明勝里5鄰承德路四段33巷6之3號,63,6301100,6301100-014,5鄰,承德路,4段,33巷,,,,6之3號,121.52298060535,25.080346751802
臺北市士林區明勝里5鄰承德路四段33巷6之4號,63,6301100,6301100-014,5鄰,承德路,4段,33巷,,,,6之4號,121.52297264379,25.080542426563
臺北市士林區明勝里3鄰承德路四段3巷7號,63,6301100,6301100-014,3鄰,承德路,4段,3巷,,,,7號,121.52192134584,25.078920808588
臺北市士林區明勝里3鄰承德路四段7號,63,6301100,6301100-014,3鄰,承德路,4段,,,,,7號,121.52189518864,25.079246551178
臺北市士林區明勝里18鄰承德路四段2巷7號,63,6301100,6301100-014,18鄰,承德路,4段,2巷,,,,7號,121.52072190622,25.079070300924
臺北市士林區明勝里1鄰承德路四段1巷7號,63,6301100,6301100-014,1鄰,承德路,4段,1巷,,,,7號,121.52171636123,25.078494015209
臺北市士林區明勝里16鄰承德路四段6巷7號,63,6301100,6301100-014,16鄰,承德路,4段,6巷,,,,7號,121.52114220057,25.079261023804
臺北市士林區明勝里12鄰承德路四段10巷7號,63,6301100,6301100-014,12鄰,承德路,4段,10巷,,,,7號,121.52132491569,25.079719593631
臺北市士林區明勝里8鄰承德路四段12巷7號,63,6301100,6301100-014,8鄰,承德路,4段,12巷,,,,7號,121.5214188227,25.080148104882
臺北市士林區明勝里5鄰承德路四段33巷8號,63,6301100,6301100-014,5鄰,承德路,4段,33巷,,,,8號,121.52301447151,25.080517804143
臺北市士林區明勝里10鄰承德路四段12巷8號,63,6301100,6301100-014,10鄰,承德路,4段,12巷,,,,8號,121.52146286712,25.079937668929
臺北市士林區明勝里14鄰承德路四段10巷8號,63,6301100,6301100-014,14鄰,承德路,4段,10巷,,,,8號,121.52130532086,25.079537765411
臺北市士林區明勝里2鄰承德路四段3巷8號,63,6301100,6301100-014,2鄰,承德路,4段,3巷,,,,8號,121.52183422261,25.078790253417
臺北市士林區明勝里18鄰承德路四段6巷8號,63,6301100,6301100-014,18鄰,承德路,4段,6巷,,,,8號,121.52109721329,25.079120001185
臺北市士林區明勝里3鄰承德路四段9巷8號,63,6301100,6301100-014,3鄰,承德路,4段,9巷,,,,8號,121.52200312089,25.079216099191
臺北市士林區明勝里3鄰承德路四段3巷9號,63,6301100,6301100-014,3鄰,承德路,4段,3巷,,,,9號,121.52195143158,25.078906763486
臺北市士林區明勝里1鄰承德路四段1巷9號,63,6301100,6301100-014,1鄰,承德路,4段,1巷,,,,9號,121.5217597645,25.078467013227
臺北市士林區明勝里16鄰承德路四段6巷9號,63,6301100,6301100-014,16鄰,承德路,4段,6巷,,,,9號,121.52108703997,25.079285656399
臺北市士林區明勝里12鄰承德路四段10巷9號,63,6301100,6301100-014,12鄰,承德路,4段,10巷,,,,9號,121.52122898452,25.079742320119
臺北市士林區明勝里8鄰承德路四段12巷9號,63,6301100,6301100-014,8鄰,承德路,4段,12巷,,,,9號,121.52136624743,25.080172349321
臺北市士林區明勝里14鄰承德路四段10巷10號,63,6301100,6301100-014,14鄰,承德路,4段,10巷,,,,10號,121.52121138631,25.079556747262
臺北市士林區明勝里10鄰承德路四段12巷10號,63,6301100,6301100-014,10鄰,承德路,4段,12巷,,,,10號,121.52138351246,25.080007689367
臺北市士林區明勝里2鄰承德路四段3巷10號,63,6301100,6301100-014,2鄰,承德路,4段,3巷,,,,10號,121.52188748811,25.078767640465
臺北市士林區明勝里18鄰承德路四段6巷10號,63,6301100,6301100-014,18鄰,承德路,4段,6巷,,,,10號,121.52102875421,25.079150422285
臺北市士林區明勝里5鄰承德路四段33巷10號,63,6301100,6301100-014,5鄰,承德路,4段,33巷,,,,10號,121.5231481292,25.080550375699
臺北市士林區明勝里3鄰承德路四段9巷10號,63,6301100,6301100-014,3鄰,承德路,4段,9巷,,,,10號,121.52205414942,25.079194243374
臺北市士林區明勝里1鄰承德路四段1巷11號,63,6301100,6301100-014,1鄰,承德路,4段,1巷,,,,11號,121.52180498688,25.078438867304
臺北市士林區明勝里3鄰承德路四段3巷11號,63,6301100,6301100-014,3鄰,承德路,4段,3巷,,,,11號,121.52200057193,25.078883821934
臺北市士林區明勝里16鄰承德路四段6巷11號,63,6301100,6301100-014,16鄰,承德路,4段,6巷,,,,11號,121.52102551016,25.079318463658
臺北市士林區明勝里12鄰承德路四段10巷11號,63,6301100,6301100-014,12鄰,承德路,4段,10巷,,,,11號,121.5211178644,25.079792635413
臺北市士林區明勝里8鄰承德路四段12巷11號,63,6301100,6301100-014,8鄰,承德路,4段,12巷,,,,11號,121.52127163967,25.080215059279
臺北市士林區明勝里5鄰承德路四段33巷12號,63,6301100,6301100-014,5鄰,承德路,4段,33巷,,,,12號,121.52322085995,25.080554678469
臺北市士林區明勝里3鄰承德路四段9巷12號,63,6301100,6301100-014,3鄰,承德路,4段,9巷,,,,12號,121.52210922496,25.079170648946
臺北市士林區明勝里2鄰承德路四段3巷12號,63,6301100,6301100-014,2鄰,承德路,4段,3巷,,,,12號,121.52191762866,25.078754841047
臺北市士林區明勝里18鄰承德路四段6巷12號,63,6301100,6301100-014,18鄰,承德路,4段,6巷,,,,12號,121.52096509327,25.079204335544
臺北市士林區明勝里10鄰承德路四段12巷12號,63,6301100,6301100-014,10鄰,承德路,4段,12巷,,,,12號,121.52129527277,25.080011493181
臺北市士林區明勝里14鄰承德路四段10巷12號,63,6301100,6301100-014,14鄰,承德路,4段,10巷,,,,12號,121.52115100373,25.07958426011
臺北市士林區明勝里12鄰承德路四段10巷13號,63,6301100,6301100-014,12鄰,承德路,4段,10巷,,,,13號,121.52103817301,25.079829966301
臺北市士林區明勝里16鄰承德路四段6巷13號,63,6301100,6301100-014,16鄰,承德路,4段,6巷,,,,13號,121.52098786197,25.079335171311
臺北市士林區明勝里1鄰承德路四段1巷13號,63,6301100,6301100-014,1鄰,承德路,4段,1巷,,,,13號,121.52184639374,25.078413289719
臺北市士林區明勝里3鄰承德路四段3巷13號,63,6301100,6301100-014,3鄰,承德路,4段,3巷,,,,13號,121.52202846133,25.078870804711
臺北市士林區明勝里8鄰承德路四段12巷13號,63,6301100,6301100-014,8鄰,承德路,4段,12巷,,,,13號,121.52121773613,25.080239335416
臺北市士林區明勝里6鄰承德路四段14號,63,6301100,6301100-014,6鄰,承德路,4段,,,,,14號,121.52178320503,25.079986359809
臺北市士林區明勝里2鄰承德路四段3巷14號,63,6301100,6301100-014,2鄰,承德路,4段,3巷,,,,14號,121.52197722699,25.078729533493
臺北市士林區明勝里18鄰承德路四段6巷14號,63,6301100,6301100-014,18鄰,承德路,4段,6巷,,,,14號,121.52082326068,25.07926579069
臺北市士林區明勝里5鄰承德路四段33巷14號,63,6301100,6301100-014,5鄰,承德路,4段,33巷,,,,14號,121.52330464397,25.080526378083
臺北市士林區明勝里10鄰承德路四段12巷14號,63,6301100,6301100-014,10鄰,承德路,4段,12巷,,,,14號,121.5212562582,25.08006140182
臺北市士林區明勝里5鄰承德路四段33巷14之1號,63,6301100,6301100-014,5鄰,承德路,4段,33巷,,,,14之1號,121.52325925973,25.080525870027
臺北市士林區明勝里1鄰承德路四段1巷15號,63,6301100,6301100-014,1鄰,承德路,4段,1巷,,,,15號,121.52188753883,25.078386765099
臺北市士林區明勝里3鄰承德路四段3巷15號,63,6301100,6301100-014,3鄰,承德路,4段,3巷,,,,15號,121.52208251866,25.078845570771
臺北市士林區明勝里16鄰承德路四段6巷15號,63,6301100,6301100-014,16鄰,承德路,4段,6巷,,,,15號,121.52093873618,25.079356956889
臺北市士林區明勝里12鄰承德路四段10巷15號,63,6301100,6301100-014,12鄰,承德路,4段,10巷,,,,15號,121.52097863449,25.079857864323
臺北市士林區明勝里8鄰承德路四段12巷15號,63,6301100,6301100-014,8鄰,承德路,4段,12巷,,,,15號,121.52114779404,25.080270827092
臺北市士林區明勝里6鄰承德路四段16號,63,6301100,6301100-014,6鄰,承德路,4段,,,,,16號,121.52180791899,25.080033309029
臺北市士林區明勝里10鄰承德路四段12巷16號,63,6301100,6301100-014,10鄰,承德路,4段,12巷,,,,16號,121.52119081922,25.080091135288
臺北市士林區明勝里14鄰承德路四段10巷16號,63,6301100,6301100-014,14鄰,承德路,4段,10巷,,,,16號,121.5210832035,25.079634558678
臺北市士林區明勝里2鄰承德路四段3巷16號,63,6301100,6301100-014,2鄰,承德路,4段,3巷,,,,16號,121.52200954443,25.07871580554
臺北市士林區明勝里18鄰承德路四段6巷16號,63,6301100,6301100-014,18鄰,承德路,4段,6巷,,,,16號,121.52074584218,25.079240458806
臺北市士林區明勝里5鄰承德路四段33巷16號,63,6301100,6301100-014,5鄰,承德路,4段,33巷,,,,16號,121.52335425729,25.080467701426
臺北市士林區明勝里1鄰承德路四段1巷17號,63,6301100,6301100-014,1鄰,承德路,4段,1巷,,,,17號,121.52194849422,25.078349571877
臺北市士林區明勝里3鄰承德路四段3巷17號,63,6301100,6301100-014,3鄰,承德路,4段,3巷,,,,17號,121.52211585928,25.078830006503
臺北市士林區明勝里12鄰承德路四段10巷17號,63,6301100,6301100-014,12鄰,承德路,4段,10巷,,,,17號,121.52091426793,25.079888018222
臺北市士林區明勝里16鄰承德路四段6巷17號,63,6301100,6301100-014,16鄰,承德路,4段,6巷,,,,17號,121.5208967922,25.079389252974
臺北市士林區明勝里8鄰承德路四段12巷17號,63,6301100,6301100-014,8鄰,承德路,4段,12巷,,,,17號,121.5210938607,25.080295103289
臺北市士林區明勝里6鄰承德路四段18號,63,6301100,6301100-014,6鄰,承德路,4段,,,,,18號,121.52183289277,25.080080744845
臺北市士林區明勝里14鄰承德路四段10巷18號,63,6301100,6301100-014,14鄰,承德路,4段,10巷,,,,18號,121.52102446318,25.079661307354
臺北市士林區明勝里10鄰承德路四段12巷18號,63,6301100,6301100-014,10鄰,承德路,4段,12巷,,,,18號,121.52113410534,25.080116576853
臺北市士林區明勝里2鄰承德路四段3巷18號,63,6301100,6301100-014,2鄰,承德路,4段,3巷,,,,18號,121.5220712603,25.078689605752
臺北市士林區明勝里18鄰承德路四段6巷18號,63,6301100,6301100-014,18鄰,承德路,4段,6巷,,,,18號,121.52068035214,25.079269767908
臺北市士林區明勝里5鄰承德路四段33巷18號,63,6301100,6301100-014,5鄰,承德路,4段,33巷,,,,18號,121.52342908054,25.080472213389
臺北市士林區明勝里3鄰承德路四段9巷18號,63,6301100,6301100-014,3鄰,承德路,4段,9巷,,,,18號,121.52216541861,25.079146572078
臺北市士林區明勝里1鄰承德路四段1巷19號,63,6301100,6301100-014,1鄰,承德路,4段,1巷,,,,19號,121.52199347925,25.078321580208
臺北市士林區明勝里3鄰承德路四段3巷19號,63,6301100,6301100-014,3鄰,承德路,4段,3巷,,,,19號,121.52217595151,25.078801952605
臺北市士林區明勝里16鄰承德路四段6巷19號,63,6301100,6301100-014,16鄰,承德路,4段,6巷,,,,19號,121.52082668388,25.079418849191
臺北市士林區明勝里12鄰承德路四段10巷19號,63,6301100,6301100-014,12鄰,承德路,4段,10巷,,,,19號,121.52085768337,25.079913558536
臺北市士林區明勝里8鄰承德路四段12巷19號,63,6301100,6301100-014,8鄰,承德路,4段,12巷,,,,19號,121.52103481892,25.080316282725
臺北市士林區明勝里6鄰承德路四段20號,63,6301100,6301100-014,6鄰,承德路,4段,,,,,20號,121.52186536176,25.080142427639
臺北市士林區明勝里10鄰承德路四段12巷20號,63,6301100,6301100-014,10鄰,承德路,4段,12巷,,,,20號,121.52109776369,25.080132873684
臺北市士林區明勝里14鄰承德路四段10巷20號,63,6301100,6301100-014,14鄰,承德路,4段,10巷,,,,20號,121.52096342646,25.07967013437
臺北市士林區明勝里2鄰承德路四段3巷20號,63,6301100,6301100-014,2鄰,承德路,4段,3巷,,,,20號,121.52213203885,25.078657441698
臺北市士林區明勝里18鄰承德路四段6巷20號,63,6301100,6301100-014,18鄰,承德路,4段,6巷,,,,20號,121.52061696949,25.079298121645
臺北市士林區明勝里5鄰承德路四段33巷20號,63,6301100,6301100-014,5鄰,承德路,4段,33巷,,,,20號,121.52348229873,25.080452362612
臺北市士林區明勝里3鄰承德路四段9巷20號,63,6301100,6301100-014,3鄰,承德路,4段,9巷,,,,20號,121.52225478021,25.079108285704
臺北市士林區明勝里1鄰承德路四段1巷21號,63,6301100,6301100-014,1鄰,承德路,4段,1巷,,,,21號,121.52204236954,25.078291155274
臺北市士林區明勝里3鄰承德路四段3巷21號,63,6301100,6301100-014,3鄰,承德路,4段,3巷,,,,21號,121.52220928219,25.078786388352
臺北市士林區明勝里12鄰承德路四段10巷21號,63,6301100,6301100-014,12鄰,承德路,4段,10巷,,,,21號,121.52076213252,25.079970003137
臺北市士林區明勝里16鄰承德路四段6巷21號,63,6301100,6301100-014,16鄰,承德路,4段,6巷,,,,21號,121.52076007232,25.079447855311
臺北市士林區明勝里8鄰承德路四段12巷21號,63,6301100,6301100-014,8鄰,承德路,4段,12巷,,,,21號,121.52091392327,25.080371128155
臺北市士林區明勝里6鄰承德路四段22號,63,6301100,6301100-014,6鄰,承德路,4段,,,,,22號,121.52189912991,25.080206570511
臺北市士林區明勝里14鄰承德路四段10巷22號,63,6301100,6301100-014,14鄰,承德路,4段,10巷,,,,22號,121.52088918708,25.079705080692
臺北市士林區明勝里10鄰承德路四段12巷22號,63,6301100,6301100-014,10鄰,承德路,4段,12巷,,,,22號,121.52103771551,25.080159834603
臺北市士林區明勝里2鄰承德路四段3巷22號,63,6301100,6301100-014,2鄰,承德路,4段,3巷,,,,22號,121.52217298251,25.078639512406
臺北市士林區明勝里5鄰承德路四段33巷22號,63,6301100,6301100-014,5鄰,承德路,4段,33巷,,,,22號,121.52353678901,25.080449588384
臺北市士林區明勝里3鄰承德路四段9巷22號,63,6301100,6301100-014,3鄰,承德路,4段,9巷,,,,22號,121.52230707519,25.079085883662
臺北市士林區明勝里3鄰承德路四段3巷23號,63,6301100,6301100-014,3鄰,承德路,4段,3巷,,,,23號,121.52226063857,25.078762418749
臺北市士林區明勝里1鄰承德路四段1巷23號,63,6301100,6301100-014,1鄰,承德路,4段,1巷,,,,23號,121.52209331626,25.078259450135
臺北市士林區明勝里16鄰承德路四段6巷23號,63,6301100,6301100-014,16鄰,承德路,4段,6巷,,,,23號,121.52069864566,25.079474622312
臺北市士林區明勝里8鄰承德路四段12巷23號,63,6301100,6301100-014,8鄰,承德路,4段,12巷,,,,23號,121.52083656912,25.080415059262
臺北市士林區明勝里6鄰承德路四段24號,63,6301100,6301100-014,6鄰,承德路,4段,,,,,24號,121.52192336431,25.080252618592
臺北市士林區明勝里10鄰承德路四段12巷24號,63,6301100,6301100-014,10鄰,承德路,4段,12巷,,,,24號,121.52089917161,25.080153026264
臺北市士林區明勝里14鄰承德路四段10巷24號,63,6301100,6301100-014,14鄰,承德路,4段,10巷,,,,24號,121.52082412343,25.079725098504
臺北市士林區明勝里2鄰承德路四段3巷24號,63,6301100,6301100-014,2鄰,承德路,4段,3巷,,,,24號,121.52224600425,25.078607530933
臺北市士林區明勝里5鄰承德路四段33巷24號,63,6301100,6301100-014,5鄰,承德路,4段,33巷,,,,24號,121.52366724115,25.080444009248
臺北市士林區明勝里3鄰承德路四段9巷24號,63,6301100,6301100-014,3鄰,承德路,4段,9巷,,,,24號,121.52235201815,25.079066622152
臺北市士林區明勝里4鄰承德路四段25號,63,6301100,6301100-014,4鄰,承德路,4段,,,,,25號,121.52240700623,25.080290838997
臺北市士林區明勝里3鄰承德路四段3巷25號,63,6301100,6301100-014,3鄰,承德路,4段,3巷,,,,25號,121.52228354168,25.078751730203
臺北市士林區明勝里1鄰承德路四段1巷25號,63,6301100,6301100-014,1鄰,承德路,4段,1巷,,,,25號,121.52230026805,25.078187066415
臺北市士林區明勝里16鄰承德路四段6巷25號,63,6301100,6301100-014,16鄰,承德路,4段,6巷,,,,25號,121.5206217237,25.079508124397
臺北市士林區明勝里8鄰承德路四段12巷25號,63,6301100,6301100-014,8鄰,承德路,4段,12巷,,,,25號,121.52077124436,25.080443744893
臺北市士林區明勝里14鄰承德路四段10巷26號,63,6301100,6301100-014,14鄰,承德路,4段,10巷,,,,26號,121.52075625181,25.079753883344
臺北市士林區明勝里10鄰承德路四段12巷26號,63,6301100,6301100-014,10鄰,承德路,4段,12巷,,,,26號,121.52072705932,25.080293185753
臺北市士林區明勝里18鄰承德路四段6巷26號,63,6301100,6301100-014,18鄰,承德路,4段,6巷,,,,26號,121.52032373916,25.0793322919
臺北市士林區明勝里2鄰承德路四段3巷26號,63,6301100,6301100-014,2鄰,承德路,4段,3巷,,,,26號,121.52229237999,25.078587226175
臺北市士林區明勝里3鄰承德路四段9巷26號,63,6301100,6301100-014,3鄰,承德路,4段,9巷,,,,26號,121.52239710955,25.079047305938
臺北市士林區明勝里10鄰承德路四段12巷26之1號,63,6301100,6301100-014,10鄰,承德路,4段,12巷,,,,26之1號,121.52070860073,25.080253238223
臺北市士林區明勝里10鄰承德路四段12巷26之2號,63,6301100,6301100-014,10鄰,承德路,4段,12巷,,,,26之2號,121.52068936949,25.080213419792
臺北市士林區明勝里12鄰承德路四段10巷27號,63,6301100,6301100-014,12鄰,承德路,4段,10巷,,,,27號,121.52058238536,25.080006574377
臺北市士林區明勝里16鄰承德路四段6巷27號,63,6301100,6301100-014,16鄰,承德路,4段,6巷,,,,27號,121.52057184421,25.079529867359
臺北市士林區明勝里4鄰承德路四段27號,63,6301100,6301100-014,4鄰,承德路,4段,,,,,27號,121.52244171728,25.080357515302
臺北市士林區明勝里3鄰承德路四段3巷27號,63,6301100,6301100-014,3鄰,承德路,4段,3巷,,,,27號,121.52233290326,25.078724887649
臺北市士林區明勝里1鄰承德路四段1巷27號,63,6301100,6301100-014,1鄰,承德路,4段,1巷,,,,27號,121.52239188581,25.078031208812
臺北市士林區明勝里8鄰承德路四段12巷27號,63,6301100,6301100-014,8鄰,承德路,4段,12巷,,,,27號,121.52071761516,25.080467306671
臺北市士林區明勝里2鄰承德路四段3巷28號,63,6301100,6301100-014,2鄰,承德路,4段,3巷,,,,28號,121.52237431661,25.078551331208
臺北市士林區明勝里3鄰承德路四段9巷28號,63,6301100,6301100-014,3鄰,承德路,4段,9巷,,,,28號,121.52245764768,25.079047228268
臺北市士林區明勝里14鄰承德路四段10巷28號,63,6301100,6301100-014,14鄰,承德路,4段,10巷,,,,28號,121.52069047802,25.0797817941
臺北市士林區明勝里10鄰承德路四段12巷28號,63,6301100,6301100-014,10鄰,承德路,4段,12巷,,,,28號,121.52064768168,25.080329802118
臺北市士林區明勝里10鄰承德路四段12巷28之1號,63,6301100,6301100-014,10鄰,承德路,4段,12巷,,,,28之1號,121.52062787482,25.080292170486
臺北市士林區明勝里12鄰承德路四段10巷29號,63,6301100,6301100-014,12鄰,承德路,4段,10巷,,,,29號,121.5204759131,25.080051997748
臺北市士林區明勝里16鄰承德路四段6巷29號,63,6301100,6301100-014,16鄰,承德路,4段,6巷,,,,29號,121.52050152196,25.079560484343
臺北市士林區明勝里5鄰承德路四段29號,63,6301100,6301100-014,5鄰,承德路,4段,,,,,29號,121.52253844741,25.080506597899
臺北市士林區明勝里3鄰承德路四段3巷29號,63,6301100,6301100-014,3鄰,承德路,4段,3巷,,,,29號,121.52237163463,25.078706559826
臺北市士林區明勝里1鄰承德路四段1巷29號,63,6301100,6301100-014,1鄰,承德路,4段,1巷,,,,29號,121.52249469445,25.077963985223
臺北市士林區明勝里8鄰承德路四段12巷29號,63,6301100,6301100-014,8鄰,承德路,4段,12巷,,,,29號,121.52063527149,25.080503473006
臺北市士林區明勝里5鄰承德路四段29之1號,63,6301100,6301100-014,5鄰,承德路,4段,,,,,29之1號,121.52256370813,25.080556154164
臺北市士林區明勝里3鄰承德路四段9巷30號,63,6301100,6301100-014,3鄰,承德路,4段,9巷,,,,30號,121.52250556677,25.079026168682
臺北市士林區明勝里2鄰承德路四段3巷30號,63,6301100,6301100-014,2鄰,承德路,4段,3巷,,,,30號,121.52241416195,25.078533893231
臺北市士林區明勝里14鄰承德路四段10巷30號,63,6301100,6301100-014,14鄰,承德路,4段,10巷,,,,30號,121.52062470417,25.079809695801
臺北市士林區明勝里10鄰承德路四段12巷30號,63,6301100,6301100-014,10鄰,承德路,4段,12巷,,,,30號,121.52053610957,25.080374214227
臺北市士林區明勝里12鄰承德路四段10巷31號,63,6301100,6301100-014,12鄰,承德路,4段,10巷,,,,31號,121.52040112917,25.08012236276
臺北市士林區明勝里16鄰承德路四段6巷31號,63,6301100,6301100-014,16鄰,承德路,4段,6巷,,,,31號,121.5204273073,25.079580191008
臺北市士林區明勝里8鄰承德路四段12巷31號,63,6301100,6301100-014,8鄰,承德路,4段,12巷,,,,31號,121.52055879615,25.080544286211
臺北市士林區明勝里5鄰承德路四段31號,63,6301100,6301100-014,5鄰,承德路,4段,,,,,31號,121.52257665335,25.080581540579
臺北市士林區明勝里5鄰承德路四段31之1號,63,6301100,6301100-014,5鄰,承德路,4段,,,,,31之1號,121.52260165434,25.080630619265
臺北市士林區明勝里2鄰承德路四段3巷32號,63,6301100,6301100-014,2鄰,承德路,4段,3巷,,,,32號,121.52249500025,25.078498489578
臺北市士林區明勝里14鄰承德路四段10巷32號,63,6301100,6301100-014,14鄰,承德路,4段,10巷,,,,32號,121.52055283159,25.079841771763
臺北市士林區明勝里10鄰承德路四段12巷32號,63,6301100,6301100-014,10鄰,承德路,4段,12巷,,,,32號,121.5204762605,25.080401436036
臺北市士林區明勝里12鄰承德路四段10巷33號,63,6301100,6301100-014,12鄰,承德路,4段,10巷,,,,33號,121.52033442181,25.080152271832
臺北市士林區明勝里16鄰承德路四段6巷33號,63,6301100,6301100-014,16鄰,承德路,4段,6巷,,,,33號,121.52036797726,25.079605822015
臺北市士林區明勝里3鄰承德路四段3巷33號,63,6301100,6301100-014,3鄰,承德路,4段,3巷,,,,33號,121.52252296528,25.078657465282
臺北市士林區明勝里8鄰承德路四段12巷33號,63,6301100,6301100-014,8鄰,承德路,4段,12巷,,,,33號,121.52048803468,25.080576665202
臺北市士林區明勝里2鄰承德路四段3巷34號,63,6301100,6301100-014,2鄰,承德路,4段,3巷,,,,34號,121.52253319989,25.078469347988
臺北市士林區明勝里18鄰承德路四段6巷34號,63,6301100,6301100-014,18鄰,承德路,4段,6巷,,,,34號,121.52020527799,25.079507995698
臺北市士林區明勝里10鄰承德路四段12巷34號,63,6301100,6301100-014,10鄰,承德路,4段,12巷,,,,34號,121.52044827027,25.080414173456
臺北市士林區明勝里12鄰承德路四段10巷35號,63,6301100,6301100-014,12鄰,承德路,4段,10巷,,,,35號,121.52030415509,25.08016582973
臺北市士林區明勝里16鄰承德路四段6巷35號,63,6301100,6301100-014,16鄰,承德路,4段,6巷,,,,35號,121.52031040855,25.079630706525
臺北市士林區明勝里3鄰承德路四段3巷35號,63,6301100,6301100-014,3鄰,承德路,4段,3巷,,,,35號,121.52256957434,25.078622073753
臺北市士林區明勝里9鄰承德路四段12巷35號,63,6301100,6301100-014,9鄰,承德路,4段,12巷,,,,35號,121.52031088812,25.08065178578
臺北市士林區明勝里2鄰承德路四段3巷36號,63,6301100,6301100-014,2鄰,承德路,4段,3巷,,,,36號,121.522625765,25.078429253535
臺北市士林區明勝里18鄰承德路四段6巷36號,63,6301100,6301100-014,18鄰,承德路,4段,6巷,,,,36號,121.52011944044,25.079545329581
臺北市士林區明勝里14鄰承德路四段10巷36號,63,6301100,6301100-014,14鄰,承德路,4段,10巷,,,,36號,121.52042457549,25.079900073268
臺北市士林區明勝里10鄰承德路四段12巷36號,63,6301100,6301100-014,10鄰,承德路,4段,12巷,,,,36號,121.52038342468,25.080443669761
臺北市士林區明勝里12鄰承德路四段10巷37號,63,6301100,6301100-014,12鄰,承德路,4段,10巷,,,,37號,121.52025239793,25.080189023657
臺北市士林區明勝里16鄰承德路四段6巷37號,63,6301100,6301100-014,16鄰,承德路,4段,6巷,,,,37號,121.52023978833,25.079661216094
臺北市士林區明勝里3鄰承德路四段3巷37號,63,6301100,6301100-014,3鄰,承德路,4段,3巷,,,,37號,121.52264202755,25.078624319406
臺北市士林區明勝里9鄰承德路四段12巷37號,63,6301100,6301100-014,9鄰,承德路,4段,12巷,,,,37號,121.5202246506,25.080688480139
臺北市士林區明勝里3鄰承德路四段3巷37之1號,63,6301100,6301100-014,3鄰,承德路,4段,3巷,,,,37之1號,121.52269198457,25.078585990964
臺北市士林區明勝里18鄰承德路四段6巷38號,63,6301100,6301100-014,18鄰,承德路,4段,6巷,,,,38號,121.52008439299,25.079560574376
臺北市士林區明勝里2鄰承德路四段3巷38號,63,6301100,6301100-014,2鄰,承德路,4段,3巷,,,,38號,121.52269562064,25.078431436086
臺北市士林區明勝里14鄰承德路四段10巷38號,63,6301100,6301100-014,14鄰,承德路,4段,10巷,,,,38號,121.52032829668,25.079953197825
臺北市士林區明勝里11鄰承德路四段12巷38號,63,6301100,6301100-014,11鄰,承德路,4段,12巷,,,,38號,121.5202103227,25.08050938687
臺北市士林區明勝里3鄰承德路四段3巷39號,63,6301100,6301100-014,3鄰,承德路,4段,3巷,,,,39號,121.52273373662,25.078553026977
臺北市士林區明勝里13鄰承德路四段10巷39號,63,6301100,6301100-014,13鄰,承德路,4段,10巷,,,,39號,121.52009840489,25.080270283138
臺北市士林區明勝里16鄰承德路四段6巷39號,63,6301100,6301100-014,16鄰,承德路,4段,6巷,,,,39號,121.52017993605,25.079694649089
臺北市士林區明勝里9鄰承德路四段12巷39號,63,6301100,6301100-014,9鄰,承德路,4段,12巷,,,,39號,121.52016950408,25.080711947731
臺北市士林區明勝里14鄰承德路四段10巷40號,63,6301100,6301100-014,14鄰,承德路,4段,10巷,,,,40號,121.52027121388,25.079978161869
臺北市士林區明勝里11鄰承德路四段12巷40號,63,6301100,6301100-014,11鄰,承德路,4段,12巷,,,,40號,121.52012825417,25.080547366598
臺北市士林區明勝里18鄰承德路四段6巷40號,63,6301100,6301100-014,18鄰,承德路,4段,6巷,,,,40號,121.52002294614,25.079587305058
臺北市士林區明勝里13鄰承德路四段10巷41號,63,6301100,6301100-014,13鄰,承德路,4段,10巷,,,,41號,121.52002523728,25.080303302304
臺北市士林區明勝里16鄰承德路四段6巷41號,63,6301100,6301100-014,16鄰,承德路,4段,6巷,,,,41號,121.52011095237,25.079725387591
臺北市士林區明勝里9鄰承德路四段12巷41號,63,6301100,6301100-014,9鄰,承德路,4段,12巷,,,,41號,121.52007214414,25.080753375568
臺北市士林區明勝里14鄰承德路四段10巷42號,63,6301100,6301100-014,14鄰,承德路,4段,10巷,,,,42號,121.52022637091,25.079997783526
臺北市士林區明勝里11鄰承德路四段12巷42號,63,6301100,6301100-014,11鄰,承德路,4段,12巷,,,,42號,121.52010088808,25.080560029542
臺北市士林區明勝里18鄰承德路四段6巷42號,63,6301100,6301100-014,18鄰,承德路,4段,6巷,,,,42號,121.51999809034,25.079598117464
臺北市士林區明勝里9鄰承德路四段12巷43號,63,6301100,6301100-014,9鄰,承德路,4段,12巷,,,,43號,121.52002375606,25.080773966562
臺北市士林區明勝里13鄰承德路四段10巷43號,63,6301100,6301100-014,13鄰,承德路,4段,10巷,,,,43號,121.51997078945,25.080327868796
臺北市士林區明勝里16鄰承德路四段6巷43號,63,6301100,6301100-014,16鄰,承德路,4段,6巷,,,,43號,121.52008506866,25.079736925858
臺北市士林區明勝里14鄰承德路四段10巷44號,63,6301100,6301100-014,14鄰,承德路,4段,10巷,,,,44號,121.52016334136,25.080025359422
臺北市士林區明勝里11鄰承德路四段12巷44號,63,6301100,6301100-014,11鄰,承德路,4段,12巷,,,,44號,121.52003574768,25.080590176748
臺北市士林區明勝里18鄰承德路四段6巷44號,63,6301100,6301100-014,18鄰,承德路,4段,6巷,,,,44號,121.51994824014,25.079619787891
臺北市士林區明勝里13鄰承德路四段10巷45號,63,6301100,6301100-014,13鄰,承德路,4段,10巷,,,,45號,121.51988607517,25.080366083361
臺北市士林區明勝里16鄰承德路四段6巷45號,63,6301100,6301100-014,16鄰,承德路,4段,6巷,,,,45號,121.52002936323,25.079761749562
臺北市士林區明勝里9鄰承德路四段12巷45號,63,6301100,6301100-014,9鄰,承德路,4段,12巷,,,,45號,121.51993594498,25.080811325315
臺北市士林區明勝里15鄰承德路四段10巷46號,63,6301100,6301100-014,15鄰,承德路,4段,10巷,,,,46號,121.52000265734,25.080113702187
臺北市士林區明勝里11鄰承德路四段12巷46號,63,6301100,6301100-014,11鄰,承德路,4段,12巷,,,,46號,121.52000946986,25.080602330291
臺北市士林區明勝里18鄰承德路四段6巷46號,63,6301100,6301100-014,18鄰,承德路,4段,6巷,,,,46號,121.51979858536,25.079688329402
臺北市士林區明勝里15鄰承德路四段10巷46之1號,63,6301100,6301100-014,15鄰,承德路,4段,10巷,,,,46之1號,121.5199727961,25.080035515598
臺北市士林區明勝里17鄰承德路四段6巷47號,63,6301100,6301100-014,17鄰,承德路,4段,6巷,,,,47號,121.51985375004,25.079824179814
臺北市士林區明勝里13鄰承德路四段10巷47號,63,6301100,6301100-014,13鄰,承德路,4段,10巷,,,,47號,121.51983546625,25.080388921027
臺北市士林區明勝里9鄰承德路四段12巷47號,63,6301100,6301100-014,9鄰,承德路,4段,12巷,,,,47號,121.51988756673,25.080831907202
臺北市士林區明勝里18鄰承德路四段6巷48號,63,6301100,6301100-014,18鄰,承德路,4段,6巷,,,,48號,121.51971998911,25.079722161897
臺北市士林區明勝里11鄰承德路四段12巷48號,63,6301100,6301100-014,11鄰,承德路,4段,12巷,,,,48號,121.51993231844,25.0806380447
臺北市士林區明勝里15鄰承德路四段10巷48號,63,6301100,6301100-014,15鄰,承德路,4段,10巷,,,,48號,121.5199191352,25.080150143096
臺北市士林區明勝里17鄰承德路四段6巷49號,63,6301100,6301100-014,17鄰,承德路,4段,6巷,,,,49號,121.51978429123,25.079855118447
臺北市士林區明勝里13鄰承德路四段10巷49號,63,6301100,6301100-014,13鄰,承德路,4段,10巷,,,,49號,121.51976892766,25.080418955649
臺北市士林區明勝里9鄰承德路四段12巷49號,63,6301100,6301100-014,9鄰,承德路,4段,12巷,,,,49號,121.51979681668,25.080870522039
臺北市士林區明勝里18鄰承德路四段6巷50號,63,6301100,6301100-014,18鄰,承德路,4段,6巷,,,,50號,121.51966184761,25.079764038946
臺北市士林區明勝里11鄰承德路四段12巷50號,63,6301100,6301100-014,11鄰,承德路,4段,12巷,,,,50號,121.51980960107,25.080693626892
臺北市士林區明勝里15鄰承德路四段10巷50號,63,6301100,6301100-014,15鄰,承德路,4段,10巷,,,,50號,121.51986799871,25.080172440938
臺北市士林區明勝里17鄰承德路四段6巷51號,63,6301100,6301100-014,17鄰,承德路,4段,6巷,,,,51號,121.51976430281,25.079863620645
臺北市士林區明勝里13鄰承德路四段10巷51號,63,6301100,6301100-014,13鄰,承德路,4段,10巷,,,,51號,121.51969333241,25.080435831982
臺北市士林區明勝里9鄰承德路四段12巷51號,63,6301100,6301100-014,9鄰,承德路,4段,12巷,,,,51號,121.51975378731,25.080883077273
臺北市士林區明勝里18鄰承德路四段6巷52號,63,6301100,6301100-014,18鄰,承德路,4段,6巷,,,,52號,121.51954926467,25.079808489966
臺北市士林區明勝里11鄰承德路四段12巷52號,63,6301100,6301100-014,11鄰,承德路,4段,12巷,,,,52號,121.5197348983,25.080724701236
臺北市士林區明勝里15鄰承德路四段10巷52號,63,6301100,6301100-014,15鄰,承德路,4段,10巷,,,,52號,121.51980441391,25.080197680365
臺北市士林區明勝里17鄰承德路四段6巷53號,63,6301100,6301100-014,17鄰,承德路,4段,6巷,,,,53號,121.51970021091,25.07989081186
臺北市士林區明勝里13鄰承德路四段10巷53號,63,6301100,6301100-014,13鄰,承德路,4段,10巷,,,,53號,121.51961782388,25.08046856122
臺北市士林區明勝里9鄰承德路四段12巷53號,63,6301100,6301100-014,9鄰,承德路,4段,12巷,,,,53號,121.51967750547,25.080915845363
臺北市士林區明勝里18鄰承德路四段6巷54號,63,6301100,6301100-014,18鄰,承德路,4段,6巷,,,,54號,121.51949704927,25.079831152579
臺北市士林區明勝里11鄰承德路四段12巷54號,63,6301100,6301100-014,11鄰,承德路,4段,12巷,,,,54號,121.51970453255,25.080738331584
臺北市士林區明勝里15鄰承德路四段10巷54號,63,6301100,6301100-014,15鄰,承德路,4段,10巷,,,,54號,121.51979050529,25.080204581364
臺北市士林區明勝里17鄰承德路四段6巷55號,63,6301100,6301100-014,17鄰,承德路,4段,6巷,,,,55號,121.51965552066,25.079902009644
臺北市士林區明勝里13鄰承德路四段10巷55號,63,6301100,6301100-014,13鄰,承德路,4段,10巷,,,,55號,121.51959449153,25.080478673067
臺北市士林區明勝里9鄰承德路四段12巷55號,63,6301100,6301100-014,9鄰,承德路,4段,12巷,,,,55號,121.51962365593,25.080938974176
臺北市士林區明勝里11鄰承德路四段12巷56號,63,6301100,6301100-014,11鄰,承德路,4段,12巷,,,,56號,121.51962893996,25.08077232505
臺北市士林區明勝里15鄰承德路四段10巷56號,63,6301100,6301100-014,15鄰,承德路,4段,10巷,,,,56號,121.519743772,25.080224967853
臺北市士林區明勝里18鄰承德路四段6巷56號,63,6301100,6301100-014,18鄰,承德路,4段,6巷,,,,56號,121.5193821693,25.079880992229
臺北市士林區明勝里17鄰承德路四段6巷57號,63,6301100,6301100-014,17鄰,承德路,4段,6巷,,,,57號,121.51958755609,25.079932347102
臺北市士林區明勝里13鄰承德路四段10巷57號,63,6301100,6301100-014,13鄰,承德路,4段,10巷,,,,57號,121.51952506831,25.080508753792
臺北市士林區明勝里9鄰承德路四段12巷57號,63,6301100,6301100-014,9鄰,承德路,4段,12巷,,,,57號,121.51957438076,25.080979592333
臺北市士林區明勝里11鄰承德路四段12巷58號,63,6301100,6301100-014,11鄰,承德路,4段,12巷,,,,58號,121.51959857418,25.080785955377
臺北市士林區明勝里15鄰承德路四段10巷58號,63,6301100,6301100-014,15鄰,承德路,4段,10巷,,,,58號,121.51968681838,25.080228931988
臺北市士林區明勝里17鄰承德路四段6巷59號,63,6301100,6301100-014,17鄰,承德路,4段,6巷,,,,59號,121.51956020202,25.079971326658
臺北市士林區明勝里13鄰承德路四段10巷59號,63,6301100,6301100-014,13鄰,承德路,4段,10巷,,,,59號,121.51949955906,25.080519812161
臺北市士林區明勝里9鄰承德路四段12巷59號,63,6301100,6301100-014,9鄰,承德路,4段,12巷,,,,59號,121.51947831606,25.08102032009
臺北市士林區明勝里11鄰承德路四段12巷60號,63,6301100,6301100-014,11鄰,承德路,4段,12巷,,,,60號,121.51953681375,25.080813716157
臺北市士林區明勝里15鄰承德路四段10巷60號,63,6301100,6301100-014,15鄰,承德路,4段,10巷,,,,60號,121.51961795038,25.080258992756
臺北市士林區明勝里17鄰承德路四段6巷61號,63,6301100,6301100-014,17鄰,承德路,4段,6巷,,,,61號,121.51948412111,25.080006955834
臺北市士林區明勝里13鄰承德路四段10巷61號,63,6301100,6301100-014,13鄰,承德路,4段,10巷,,,,61號,121.51941561004,25.080556209144
臺北市士林區明勝里9鄰承德路四段12巷61號,63,6301100,6301100-014,9鄰,承德路,4段,12巷,,,,61號,121.51944555229,25.081034202538
臺北市士林區明勝里11鄰承德路四段12巷62號,63,6301100,6301100-014,11鄰,承德路,4段,12巷,,,,62號,121.51951035622,25.080825590372
臺北市士林區明勝里15鄰承德路四段10巷62號,63,6301100,6301100-014,15鄰,承德路,4段,10巷,,,,62號,121.5195507842,25.080288298206
臺北市士林區明勝里9鄰承德路四段12巷63號,63,6301100,6301100-014,9鄰,承德路,4段,12巷,,,,63號,121.5193628067,25.081069268158
臺北市士林區明勝里17鄰承德路四段6巷63號,63,6301100,6301100-014,17鄰,承德路,4段,6巷,,,,63號,121.51945732956,25.080019508311
臺北市士林區明勝里13鄰承德路四段10巷63號,63,6301100,6301100-014,13鄰,承德路,4段,10巷,,,,63號,121.51939062519,25.080567039959
臺北市士林區明勝里11鄰承德路四段12巷64號,63,6301100,6301100-014,11鄰,承德路,4段,12巷,,,,64號,121.51944687413,25.080854124526
臺北市士林區明勝里15鄰承德路四段10巷64號,63,6301100,6301100-014,15鄰,承德路,4段,10巷,,,,64號,121.51950582201,25.080307911037
臺北市士林區明勝里9鄰承德路四段12巷65號,63,6301100,6301100-014,9鄰,承德路,4段,12巷,,,,65號,121.51933110172,25.081082704501
臺北市士林區明勝里17鄰承德路四段6巷65號,63,6301100,6301100-014,17鄰,承德路,4段,6巷,,,,65號,121.5193911026,25.080050543787
臺北市士林區明勝里13鄰承德路四段10巷65號,63,6301100,6301100-014,13鄰,承德路,4段,10巷,,,,65號,121.51930064007,25.080606030995
臺北市士林區明勝里11鄰承德路四段12巷66號,63,6301100,6301100-014,11鄰,承德路,4段,12巷,,,,66號,121.51941323333,25.080869237849
臺北市士林區明勝里15鄰承德路四段10巷66號,63,6301100,6301100-014,15鄰,承德路,4段,10巷,,,,66號,121.5194281672,25.080341785225
臺北市士林區明勝里9鄰承德路四段12巷67號,63,6301100,6301100-014,9鄰,承德路,4段,12巷,,,,67號,121.51924122148,25.08112080136
臺北市士林區明勝里17鄰承德路四段6巷67號,63,6301100,6301100-014,17鄰,承德路,4段,6巷,,,,67號,121.51933698519,25.080075894331
臺北市士林區明勝里13鄰承德路四段10巷67號,63,6301100,6301100-014,13鄰,承德路,4段,10巷,,,,67號,121.51927552653,25.08061690738
臺北市士林區明勝里11鄰承德路四段12巷68號,63,6301100,6301100-014,11鄰,承德路,4段,12巷,,,,68號,121.51933985681,25.080902212272
臺北市士林區明勝里9鄰承德路四段12巷69號,63,6301100,6301100-014,9鄰,承德路,4段,12巷,,,,69號,121.51913523139,25.081165725551
臺北市士林區明勝里13鄰承德路四段10巷69號,63,6301100,6301100-014,13鄰,承德路,4段,10巷,,,,69號,121.51919836532,25.080650355405
臺北市士林區明勝里17鄰承德路四段6巷69號,63,6301100,6301100-014,17鄰,承德路,4段,6巷,,,,69號,121.51928494984,25.080103675143
臺北市士林區明勝里15鄰承德路四段10巷70號,63,6301100,6301100-014,15鄰,承德路,4段,10巷,,,,70號,121.51937807995,25.080370805122
臺北市士林區明勝里11鄰承德路四段12巷70號,63,6301100,6301100-014,11鄰,承德路,4段,12巷,,,,70號,121.51931225154,25.080914614095
臺北市士林區明勝里9鄰承德路四段12巷71號,63,6301100,6301100-014,9鄰,承德路,4段,12巷,,,,71號,121.51908330995,25.081187727947
臺北市士林區明勝里13鄰承德路四段10巷71號,63,6301100,6301100-014,13鄰,承德路,4段,10巷,,,,71號,121.51917497353,25.080660494479
臺北市士林區明勝里17鄰承德路四段6巷71號,63,6301100,6301100-014,17鄰,承德路,4段,6巷,,,,71號,121.51921005619,25.080136447162
臺北市士林區明勝里15鄰承德路四段10巷72號,63,6301100,6301100-014,15鄰,承德路,4段,10巷,,,,72號,121.51931418339,25.080399737902
臺北市士林區明勝里11鄰承德路四段12巷72號,63,6301100,6301100-014,11鄰,承德路,4段,12巷,,,,72號,121.51922343968,25.080954503785
臺北市士林區明勝里13鄰承德路四段10巷73號,63,6301100,6301100-014,13鄰,承德路,4段,10巷,,,,73號,121.51908724435,25.080698511494
臺北市士林區明勝里17鄰承德路四段6巷73號,63,6301100,6301100-014,17鄰,承德路,4段,6巷,,,,73號,121.5191618564,25.080142899296
臺北市士林區明勝里15鄰承德路四段10巷74號,63,6301100,6301100-014,15鄰,承德路,4段,10巷,,,,74號,121.51928331352,25.080413703967
臺北市士林區明勝里11鄰承德路四段12巷74號,63,6301100,6301100-014,11鄰,承德路,4段,12巷,,,,74號,121.51915731806,25.080961289461
臺北市士林區明勝里13鄰承德路四段10巷75號,63,6301100,6301100-014,13鄰,承德路,4段,10巷,,,,75號,121.5190383479,25.080694962952
臺北市士林區明勝里17鄰承德路四段6巷75號,63,6301100,6301100-014,17鄰,承德路,4段,6巷,,,,75號,121.51912396278,25.080157946178
臺北市士林區明勝里15鄰承德路四段10巷76號,63,6301100,6301100-014,15鄰,承德路,4段,10巷,,,,76號,121.51920892898,25.080447358954
臺北市士林區明勝里11鄰承德路四段12巷76號,63,6301100,6301100-014,11鄰,承德路,4段,12巷,,,,76號,121.51908034705,25.080995233303
臺北市士林區明勝里13鄰承德路四段10巷77號,63,6301100,6301100-014,13鄰,承德路,4段,10巷,,,,77號,121.51894355627,25.080739026288
臺北市士林區明勝里17鄰承德路四段6巷77號,63,6301100,6301100-014,17鄰,承德路,4段,6巷,,,,77號,121.51906204049,25.080182538482
臺北市士林區明勝里15鄰承德路四段10巷78號,63,6301100,6301100-014,15鄰,承德路,4段,10巷,,,,78號,121.51918499318,25.080488330709
臺北市士林區明勝里11鄰承德路四段12巷78號,63,6301100,6301100-014,11鄰,承德路,4段,12巷,,,,78號,121.51900736565,25.081046722702
臺北市士林區明勝里13鄰承德路四段10巷79號,63,6301100,6301100-014,13鄰,承德路,4段,10巷,,,,79號,121.51889334429,25.08078790816
臺北市士林區明勝里17鄰承德路四段6巷79號,63,6301100,6301100-014,17鄰,承德路,4段,6巷,,,,79號,121.51902302029,25.080172563534
臺北市士林區明勝里15鄰承德路四段10巷80號,63,6301100,6301100-014,15鄰,承德路,4段,10巷,,,,80號,121.51908655187,25.08052959918
臺北市士林區明勝里11鄰承德路四段12巷80號,63,6301100,6301100-014,11鄰,承德路,4段,12巷,,,,80號,121.51894859386,25.081070978934
臺北市士林區明勝里13鄰承德路四段10巷81號,63,6301100,6301100-014,13鄰,承德路,4段,10巷,,,,81號,121.51881876466,25.080817690605
臺北市士林區明勝里17鄰承德路四段6巷81號,63,6301100,6301100-014,17鄰,承德路,4段,6巷,,,,81號,121.51892305189,25.080216022024
臺北市士林區明勝里15鄰承德路四段10巷82號,63,6301100,6301100-014,15鄰,承德路,4段,10巷,,,,82號,121.51902047894,25.080557284549
臺北市士林區明勝里11鄰承德路四段12巷82號,63,6301100,6301100-014,11鄰,承德路,4段,12巷,,,,82號,121.51886896151,25.081103857637
臺北市士林區明勝里13鄰承德路四段10巷83號,63,6301100,6301100-014,13鄰,承德路,4段,10巷,,,,83號,121.51873761777,25.080851053017
臺北市士林區明勝里17鄰承德路四段6巷83號,63,6301100,6301100-014,17鄰,承德路,4段,6巷,,,,83號,121.51884752384,25.08024884122
臺北市士林區明勝里15鄰承德路四段10巷84號,63,6301100,6301100-014,15鄰,承德路,4段,10巷,,,,84號,121.51894340426,25.080543073085
臺北市士林區明勝里17鄰承德路四段6巷85號,63,6301100,6301100-014,17鄰,承德路,4段,6巷,,,,85號,121.51880867974,25.080315929004
臺北市士林區明勝里13鄰承德路四段10巷85號,63,6301100,6301100-014,13鄰,承德路,4段,10巷,,,,85號,121.51864687091,25.080862285081
臺北市士林區明勝里15鄰承德路四段10巷86號,63,6301100,6301100-014,15鄰,承德路,4段,10巷,,,,86號,121.5188765029,25.080571781456
臺北市士林區明勝里17鄰承德路四段6巷87號,63,6301100,6301100-014,17鄰,承德路,4段,6巷,,,,87號,121.51875033131,25.080339425321
臺北市士林區明勝里15鄰承德路四段10巷88號,63,6301100,6301100-014,15鄰,承德路,4段,10巷,,,,88號,121.5188213273,25.080595456297
臺北市士林區明勝里17鄰承德路四段6巷89號,63,6301100,6301100-014,17鄰,承德路,4段,6巷,,,,89號,121.51867338699,25.080396110507
臺北市士林區明勝里15鄰承德路四段10巷90號,63,6301100,6301100-014,15鄰,承德路,4段,10巷,,,,90號,121.51874562903,25.080627932973
臺北市士林區明勝里17鄰承德路四段6巷91號,63,6301100,6301100-014,17鄰,承德路,4段,6巷,,,,91號,121.51860188279,25.080426414749
臺北市士林區明勝里15鄰承德路四段10巷92號,63,6301100,6301100-014,15鄰,承德路,4段,10巷,,,,92號,121.51869285459,25.080668608213
臺北市士林區明勝里17鄰承德路四段6巷93號,63,6301100,6301100-014,17鄰,承德路,4段,6巷,,,,93號,121.51849974839,25.08052291127
臺北市士林區明勝里15鄰承德路四段10巷94號,63,6301100,6301100-014,15鄰,承德路,4段,10巷,,,,94號,121.51863493625,25.080714230723
臺北市士林區明勝里15鄰承德路四段10巷96號,63,6301100,6301100-014,15鄰,承德路,4段,10巷,,,,96號,121.5185698911,25.080743564434
臺北市北投區建民里20鄰承德路六段331巷22號,63,6301200,6301200-001,20鄰,承德路,6段,331巷,,,,22號,121.51167302397,25.102459840671
臺北市北投區建民里20鄰承德路六段331巷23號,63,6301200,6301200-001,20鄰,承德路,6段,331巷,,,,23號,121.51164727683,25.102395920786
臺北市北投區建民里20鄰承德路六段331巷24號,63,6301200,6301200-001,20鄰,承德路,6段,331巷,,,,24號,121.51173930129,25.102559064745
臺北市北投區建民里20鄰承德路六段331巷25號,63,6301200,6301200-001,20鄰,承德路,6段,331巷,,,,25號,121.51166172124,25.102829243288
臺北市北投區建民里20鄰承德路六段331巷26號,63,6301200,6301200-001,20鄰,承德路,6段,331巷,,,,26號,121.51178420589,25.102632957673
臺北市北投區建民里20鄰承德路六段331巷28號,63,6301200,6301200-001,20鄰,承德路,6段,331巷,,,,28號,121.51182120841,25.102699709602
臺北市北投區建民里20鄰承德路六段331巷30號,63,6301200,6301200-001,20鄰,承德路,6段,331巷,,,,30號,121.51180084745,25.102757893265
臺北市北投區建民里20鄰承德路六段331巷32號,63,6301200,6301200-001,20鄰,承德路,6段,331巷,,,,32號,121.51183242642,25.102922274916
臺北市北投區建民里20鄰承德路六段331巷36號,63,6301200,6301200-001,20鄰,承德路,6段,331巷,,,,36號,121.51171774593,25.102933034802
臺北市北投區建民里20鄰承德路六段331巷38號,63,6301200,6301200-001,20鄰,承德路,6段,331巷,,,,38號,121.5113113515,25.10258664973
臺北市北投區建民里20鄰承德路六段331巷38之1號,63,6301200,6301200-001,20鄰,承德路,6段,331巷,,,,38之1號,121.51138903879,25.102644901556
臺北市北投區建民里20鄰承德路六段331巷40號,63,6301200,6301200-001,20鄰,承德路,6段,331巷,,,,40號,121.51159886198,25.102853348282
臺北市北投區建民里20鄰承德路六段331巷42號,63,6301200,6301200-001,20鄰,承德路,6段,331巷,,,,42號,121.51154073349,25.102932607198
臺北市北投區建民里20鄰承德路六段331巷48號,63,6301200,6301200-001,20鄰,承德路,6段,331巷,,,,48號,121.51144870227,25.102913261544
臺北市北投區建民里20鄰承德路六段331巷50號,63,6301200,6301200-001,20鄰,承德路,6段,331巷,,,,50號,121.51142854586,25.102887176858
臺北市北投區建民里20鄰承德路六段331巷52號,63,6301200,6301200-001,20鄰,承德路,6段,331巷,,,,52號,121.5114098098,25.102854541954
臺北市北投區建民里20鄰承德路六段331巷54號,63,6301200,6301200-001,20鄰,承德路,6段,331巷,,,,54號,121.51138819306,25.102820616943
臺北市北投區建民里20鄰承德路六段331巷56號,63,6301200,6301200-001,20鄰,承德路,6段,331巷,,,,56號,121.51136657086,25.102785373856
臺北市北投區建民里20鄰承德路六段331巷58號,63,6301200,6301200-001,20鄰,承德路,6段,331巷,,,,58號,121.51134206798,25.102748840661
臺北市北投區建民里20鄰承德路六段331巷60號,63,6301200,6301200-001,20鄰,承德路,6段,331巷,,,,60號,121.51133250635,25.10272410975
臺北市北投區建民里20鄰承德路六段331巷62號,63,6301200,6301200-001,20鄰,承德路,6段,331巷,,,,62號,121.51131902317,25.10270290426
臺北市北投區建民里20鄰承德路六段331巷266號,63,6301200,6301200-001,20鄰,承德路,6段,331巷,,,,266號,121.50945536783,25.104010788795
臺北市北投區建民里20鄰承德路六段331巷268號,63,6301200,6301200-001,20鄰,承德路,6段,331巷,,,,268號,121.50935480633,25.103926117268
臺北市北投區建民里20鄰承德路六段331巷268之2號,63,6301200,6301200-001,20鄰,承德路,6段,331巷,,,,268之2號,121.50938618549,25.10371267723
臺北市北投區建民里20鄰承德路六段331巷268之3號,63,6301200,6301200-001,20鄰,承德路,6段,331巷,,,,268之3號,121.50925521106,25.103636605453
臺北市北投區建民里20鄰承德路六段331巷270號,63,6301200,6301200-001,20鄰,承德路,6段,331巷,,,,270號,121.5093203765,25.103910544798
臺北市北投區建民里20鄰承德路六段331巷272號,63,6301200,6301200-001,20鄰,承德路,6段,331巷,,,,272號,121.50928882831,25.103898880588
臺北市北投區建民里20鄰承德路六段331巷274號,63,6301200,6301200-001,20鄰,承德路,6段,331巷,,,,274號,121.5092544138,25.103884608085
臺北市北投區建民里20鄰承德路六段331巷278號,63,6301200,6301200-001,20鄰,承德路,6段,331巷,,,,278號,121.50929897832,25.104178254122
臺北市北投區建民里20鄰承德路六段331巷280號,63,6301200,6301200-001,20鄰,承德路,6段,331巷,,,,280號,121.50944076029,25.104287728532
臺北市北投區建民里20鄰承德路六段331巷282號,63,6301200,6301200-001,20鄰,承德路,6段,331巷,,,,282號,121.50953177115,25.104139618073
臺北市北投區建民里20鄰承德路六段331巷285號,63,6301200,6301200-001,20鄰,承德路,6段,331巷,,,,285號,121.50972607004,25.104705197209
臺北市北投區建民里20鄰承德路六段331巷286號,63,6301200,6301200-001,20鄰,承德路,6段,331巷,,,,286號,121.50988293227,25.104579980976
臺北市北投區建民里20鄰承德路六段331巷290號,63,6301200,6301200-001,20鄰,承德路,6段,331巷,,,,290號,121.51010228045,25.104964271957
臺北市北投區建民里20鄰承德路六段331巷292號,63,6301200,6301200-001,20鄰,承德路,6段,331巷,,,,292號,121.51019033979,25.10499144133
臺北市北投區建民里20鄰承德路六段318號,63,6301200,6301200-001,20鄰,承德路,6段,,,,,318號,121.51212021467,25.105873878488
臺北市北投區建民里20鄰承德路六段320號,63,6301200,6301200-001,20鄰,承德路,6段,,,,,320號,121.51224276345,25.106237456043
臺北市北投區建民里20鄰承德路六段331巷321號,63,6301200,6301200-001,20鄰,承德路,6段,331巷,,,,321號,121.51085607907,25.105853465502
臺北市北投區建民里20鄰承德路六段331巷323號,63,6301200,6301200-001,20鄰,承德路,6段,331巷,,,,323號,121.51069295002,25.105821165333
臺北市北投區建民里20鄰承德路六段331巷325號,63,6301200,6301200-001,20鄰,承德路,6段,331巷,,,,325號,121.51064132142,25.105990546316
臺北市北投區建民里20鄰承德路六段328號,63,6301200,6301200-001,20鄰,承德路,6段,,,,,328號,121.51212625271,25.106718862355
臺北市北投區建民里20鄰承德路六段329號,63,6301200,6301200-001,20鄰,承德路,6段,,,,,329號,121.51183279872,25.102320907805
臺北市北投區建民里20鄰承德路六段333號,63,6301200,6301200-001,20鄰,承德路,6段,,,,,333號,121.51139417863,25.105733154274
臺北市北投區建民里20鄰承德路六段335號,63,6301200,6301200-001,20鄰,承德路,6段,,,,,335號,121.51154103443,25.104635174246
臺北市北投區建民里20鄰承德路六段335之1號,63,6301200,6301200-001,20鄰,承德路,6段,,,,,335之1號,121.51156353359,25.104352041012
臺北市北投區建民里20鄰承德路六段335之2號,63,6301200,6301200-001,20鄰,承德路,6段,,,,,335之2號,121.51160695794,25.104070027283
臺北市北投區建民里20鄰承德路六段337號,63,6301200,6301200-001,20鄰,承德路,6段,,,,,337號,121.51179402866,25.103396974592
臺北市北投區建民里20鄰承德路六段359號,63,6301200,6301200-001,20鄰,承德路,6段,,,,,359號,121.51114045147,25.106501338642
臺北市北投區建民里20鄰承德路六段427號,63,6301200,6301200-001,20鄰,承德路,6段,,,,,427號,121.51112525735,25.107983837175
臺北市北投區建民里20鄰承德路六段429號,63,6301200,6301200-001,20鄰,承德路,6段,,,,,429號,121.51122679797,25.108314788399
臺北市北投區建民里20鄰承德路六段431號,63,6301200,6301200-001,20鄰,承德路,6段,,,,,431號,121.5111921322,25.10855759009
臺北市北投區建民里20鄰承德路六段438號,63,6301200,6301200-001,20鄰,承德路,6段,,,,,438號,121.51194582842,25.108369635785
臺北市北投區建民里20鄰承德路六段449之7號,63,6301200,6301200-001,20鄰,承德路,6段,,,,,449之7號,121.51104099266,25.108550473316
臺北市北投區建民里20鄰承德路六段449之11號,63,6301200,6301200-001,20鄰,承德路,6段,,,,,449之11號,121.50884356628,25.108022027082
臺北市北投區建民里20鄰承德路六段449之18號,63,6301200,6301200-001,20鄰,承德路,6段,,,,,449之18號,121.507277886,25.108485075803
臺北市北投區建民里20鄰承德路六段449之19號,63,6301200,6301200-001,20鄰,承德路,6段,,,,,449之19號,121.5071306804,25.108080690505
臺北市北投區福興里1鄰承德路七段119巷1號,63,6301200,6301200-004,1鄰,承德路,7段,119巷,,,,1號,121.50924499885,25.112000443727
臺北市北投區福興里1鄰承德路七段1巷1號,63,6301200,6301200-004,1鄰,承德路,7段,1巷,,,,1號,121.51009323996,25.110693060914
臺北市北投區福興里1鄰承德路七段1號,63,6301200,6301200-004,1鄰,承德路,7段,,,,,1號,121.51079361674,25.110426670743
臺北市北投區福興里6鄰承德路七段32巷29弄1號,63,6301200,6301200-004,6鄰,承德路,7段,32巷,29弄,,,1號,121.51132820928,25.111732518338
臺北市北投區福興里1鄰承德路七段1之1號,63,6301200,6301200-004,1鄰,承德路,7段,,,,,1之1號,121.51067679652,25.110597151925
臺北市北投區福興里1鄰承德路七段1之2號,63,6301200,6301200-004,1鄰,承德路,7段,,,,,1之2號,121.51061418509,25.110679531526
臺北市北投區福興里1鄰承德路七段1之3號,63,6301200,6301200-004,1鄰,承德路,7段,,,,,1之3號,121.51057028584,25.110721726163
臺北市北投區福興里3鄰承德路七段106巷2號,63,6301200,6301200-004,3鄰,承德路,7段,106巷,,,,2號,121.51013724819,25.112103473937
臺北市北投區福興里6鄰承德路七段32巷3弄2號,63,6301200,6301200-004,6鄰,承德路,7段,32巷,3弄,,,2號,121.51133999444,25.111462088636
臺北市北投區福興里1鄰承德路七段119巷2號,63,6301200,6301200-004,1鄰,承德路,7段,119巷,,,,2號,121.50919180548,25.112099546385
臺北市北投區福興里6鄰承德路七段32巷3弄4號,63,6301200,6301200-004,6鄰,承德路,7段,32巷,3弄,,,4號,121.51127181684,25.111522161417
臺北市北投區福興里3鄰承德路七段106巷4號,63,6301200,6301200-004,3鄰,承德路,7段,106巷,,,,4號,121.51020607475,25.112149370289
臺北市北投區福興里3鄰承德路七段106巷5號,63,6301200,6301200-004,3鄰,承德路,7段,106巷,,,,5號,121.51022470795,25.112259664636
臺北市北投區福興里6鄰承德路七段32巷3弄5號,63,6301200,6301200-004,6鄰,承德路,7段,32巷,3弄,,,5號,121.5110478551,25.111536881759
臺北市北投區福興里1鄰承德路七段119巷6號,63,6301200,6301200-004,1鄰,承德路,7段,119巷,,,,6號,121.50904931748,25.111905545059
臺北市北投區福興里3鄰承德路七段106巷6號,63,6301200,6301200-004,3鄰,承德路,7段,106巷,,,,6號,121.51024642409,25.112176270352
臺北市北投區福興里6鄰承德路七段32巷3弄6號,63,6301200,6301200-004,6鄰,承德路,7段,32巷,3弄,,,6號,121.51120018139,25.111585279501
臺北市北投區福興里3鄰承德路七段106巷7號,63,6301200,6301200-004,3鄰,承德路,7段,106巷,,,,7號,121.51029440591,25.112305250993
臺北市北投區福興里6鄰承德路七段32巷3弄7號,63,6301200,6301200-004,6鄰,承德路,7段,32巷,3弄,,,7號,121.5109574733,25.111620088475
臺北市北投區福興里6鄰承德路七段32巷3弄8號,63,6301200,6301200-004,6鄰,承德路,7段,32巷,3弄,,,8號,121.51110982442,25.111664902101
臺北市北投區福興里3鄰承德路七段106巷8號,63,6301200,6301200-004,3鄰,承德路,7段,106巷,,,,8號,121.51031524081,25.112222166685
臺北市北投區福興里1鄰承德路七段112巷9號,63,6301200,6301200-004,1鄰,承德路,7段,112巷,,,,9號,121.50992350829,25.112424143968
臺北市北投區福興里1鄰承德路七段1巷9號,63,6301200,6301200-004,1鄰,承德路,7段,1巷,,,,9號,121.5097021439,25.110205701083
臺北市北投區福興里6鄰承德路七段32巷3弄9號,63,6301200,6301200-004,6鄰,承德路,7段,32巷,3弄,,,9號,121.51086386126,25.111706249399
臺北市北投區福興里1鄰承德路七段112巷10號,63,6301200,6301200-004,1鄰,承德路,7段,112巷,,,,10號,121.51012781797,25.112435466518
臺北市北投區福興里6鄰承德路七段32巷3弄10號,63,6301200,6301200-004,6鄰,承德路,7段,32巷,3弄,,,10號,121.51105361061,25.11171444299
臺北市北投區福興里1鄰承德路七段112巷11號,63,6301200,6301200-004,1鄰,承德路,7段,112巷,,,,11號,121.5099610321,25.112439191013
臺北市北投區福興里6鄰承德路七段32巷3弄11號,63,6301200,6301200-004,6鄰,承德路,7段,32巷,3弄,,,11號,121.51082982238,25.111737603603
臺北市北投區福興里6鄰承德路七段32巷3弄12號,63,6301200,6301200-004,6鄰,承德路,7段,32巷,3弄,,,12號,121.51096795599,25.111789905438
臺北市北投區福興里1鄰承德路七段112巷13號,63,6301200,6301200-004,1鄰,承德路,7段,112巷,,,,13號,121.51001700002,25.112461640776
臺北市北投區福興里6鄰承德路七段32巷3弄13號,63,6301200,6301200-004,6鄰,承德路,7段,32巷,3弄,,,13號,121.51075320998,25.111808132565
臺北市北投區福興里6鄰承德路七段32巷3弄14號,63,6301200,6301200-004,6鄰,承德路,7段,32巷,3弄,,,14號,121.51091982344,25.111832322408
臺北市北投區福興里1鄰承德路七段112巷15號,63,6301200,6301200-004,1鄰,承德路,7段,112巷,,,,15號,121.51004769736,25.112511442054
臺北市北投區福興里6鄰承德路七段32巷3弄15號,63,6301200,6301200-004,6鄰,承德路,7段,32巷,3弄,,,15號,121.51067734823,25.11188990781
臺北市北投區福興里1鄰承德路七段1巷15號,63,6301200,6301200-004,1鄰,承德路,7段,1巷,,,,15號,121.50879955165,25.109945679198
臺北市北投區福興里6鄰承德路七段32巷3弄16號,63,6301200,6301200-004,6鄰,承德路,7段,32巷,3弄,,,16號,121.51080548867,25.111928295926
臺北市北投區福興里6鄰承德路七段32巷3弄17號,63,6301200,6301200-004,6鄰,承德路,7段,32巷,3弄,,,17號,121.51060509466,25.111954734034
臺北市北投區福興里8鄰承德路七段32巷22號,63,6301200,6301200-004,8鄰,承德路,7段,32巷,,,,22號,121.5115164195,25.111347004895
臺北市北投區福興里1鄰承德路七段112巷23號,63,6301200,6301200-004,1鄰,承德路,7段,112巷,,,,23號,121.51024783538,25.112568794579
臺北市北投區福興里8鄰承德路七段32巷24號,63,6301200,6301200-004,8鄰,承德路,7段,32巷,,,,24號,121.51154082251,25.111380550069
臺北市北投區福興里1鄰承德路七段112巷25號,63,6301200,6301200-004,1鄰,承德路,7段,112巷,,,,25號,121.51026794477,25.112533064717
臺北市北投區福興里8鄰承德路七段32巷26號,63,6301200,6301200-004,8鄰,承德路,7段,32巷,,,,26號,121.51156684108,25.111416310556
臺北市北投區福興里1鄰承德路七段112巷27號,63,6301200,6301200-004,1鄰,承德路,7段,112巷,,,,27號,121.51028560315,25.112501667706
臺北市北投區福興里8鄰承德路七段32巷28號,63,6301200,6301200-004,8鄰,承德路,7段,32巷,,,,28號,121.5115894391,25.111447379244
臺北市北投區福興里8鄰承德路七段32巷30號,63,6301200,6301200-004,8鄰,承德路,7段,32巷,,,,30號,121.51161527817,25.111482887557
臺北市北投區福興里6鄰承德路七段32巷31號,63,6301200,6301200-004,6鄰,承德路,7段,32巷,,,,31號,121.5115188763,25.111553765057
臺北市北投區福興里6鄰承德路七段32巷33號,63,6301200,6301200-004,6鄰,承德路,7段,32巷,,,,33號,121.51153730545,25.111586175252
臺北市北投區福興里3鄰承德路七段34號,63,6301200,6301200-004,3鄰,承德路,7段,,,,,34號,121.51113785075,25.111196305642
臺北市北投區福興里3鄰承德路七段34之1號,63,6301200,6301200-004,3鄰,承德路,7段,,,,,34之1號,121.51111134185,25.111221431706
臺北市北投區福興里3鄰承德路七段34之2號,63,6301200,6301200-004,3鄰,承德路,7段,,,,,34之2號,121.51108055637,25.111250617058
臺北市北投區福興里3鄰承德路七段34之4號,63,6301200,6301200-004,3鄰,承德路,7段,,,,,34之4號,121.51105300047,25.111276721747
臺北市北投區福興里6鄰承德路七段32巷35號,63,6301200,6301200-004,6鄰,承德路,7段,32巷,,,,35號,121.51155652386,25.111620009148
臺北市北投區福興里3鄰承德路七段72號,63,6301200,6301200-004,3鄰,承德路,7段,,,,,72號,121.51092585397,25.111338956677
臺北市北投區福興里3鄰承德路七段74號,63,6301200,6301200-004,3鄰,承德路,7段,,,,,74號,121.51084959008,25.11140738096
臺北市北投區福興里3鄰承德路七段76號,63,6301200,6301200-004,3鄰,承德路,7段,,,,,76號,121.51082305577,25.111431188971
臺北市北投區福興里3鄰承德路七段78號,63,6301200,6301200-004,3鄰,承德路,7段,,,,,78號,121.51073487796,25.11151029827
臺北市北投區福興里3鄰承德路七段80號,63,6301200,6301200-004,3鄰,承德路,7段,,,,,80號,121.51070701001,25.11153531158
臺北市北投區福興里3鄰承德路七段82號,63,6301200,6301200-004,3鄰,承德路,7段,,,,,82號,121.51063801665,25.111597210542
臺北市北投區福興里3鄰承德路七段84號,63,6301200,6301200-004,3鄰,承德路,7段,,,,,84號,121.51061614506,25.111616840544
臺北市北投區福興里3鄰承德路七段86號,63,6301200,6301200-004,3鄰,承德路,7段,,,,,86號,121.51055314803,25.111673356176
臺北市北投區福興里3鄰承德路七段88號,63,6301200,6301200-004,3鄰,承德路,7段,,,,,88號,121.51046885177,25.111753643651
臺北市北投區福興里3鄰承德路七段90號,63,6301200,6301200-004,3鄰,承德路,7段,,,,,90號,121.5104384952,25.1117811211
臺北市北投區福興里3鄰承德路七段92號,63,6301200,6301200-004,3鄰,承德路,7段,,,,,92號,121.51040809915,25.111808643817
臺北市北投區福興里3鄰承德路七段92之1號,63,6301200,6301200-004,3鄰,承德路,7段,,,,,92之1號,121.51037664173,25.111833687478
臺北市北投區福興里1鄰承德路七段93號,63,6301200,6301200-004,1鄰,承德路,7段,,,,,93號,121.51010917838,25.111121773713
臺北市北投區福興里1鄰承德路七段95號,63,6301200,6301200-004,1鄰,承德路,7段,,,,,95號,121.50974343676,25.111495680933
臺北市北投區福興里3鄰承德路七段96號,63,6301200,6301200-004,3鄰,承德路,7段,,,,,96號,121.51031256829,25.111896092981
臺北市北投區福興里1鄰承德路七段97號,63,6301200,6301200-004,1鄰,承德路,7段,,,,,97號,121.50952615181,25.111800753163
臺北市北投區福興里3鄰承德路七段98號,63,6301200,6301200-004,3鄰,承德路,7段,,,,,98號,121.51027726999,25.111927460423
臺北市北投區福興里3鄰承德路七段100號,63,6301200,6301200-004,3鄰,承德路,7段,,,,,100號,121.510245953,25.111955293229
臺北市北投區福興里3鄰承德路七段108號,63,6301200,6301200-004,3鄰,承德路,7段,,,,,108號,121.51003696298,25.112154032753
臺北市北投區福興里3鄰承德路七段108之1號,63,6301200,6301200-004,3鄰,承德路,7段,,,,,108之1號,121.51001152082,25.11217826118
臺北市北投區福興里3鄰承德路七段108之2號,63,6301200,6301200-004,3鄰,承德路,7段,,,,,108之2號,121.50998130825,25.112207038075
臺北市北投區福興里3鄰承德路七段110號,63,6301200,6301200-004,3鄰,承德路,7段,,,,,110號,121.5099288747,25.112250155649
臺北市北投區福興里3鄰承德路七段114號,63,6301200,6301200-004,3鄰,承德路,7段,,,,,114號,121.50981948573,25.112353072007
臺北市北投區福興里3鄰承德路七段116號,63,6301200,6301200-004,3鄰,承德路,7段,,,,,116號,121.50977890439,25.112389765969
臺北市北投區福興里1鄰承德路七段139號,63,6301200,6301200-004,1鄰,承德路,7段,,,,,139號,121.50873373705,25.112529443945
臺北市北投區福興里1鄰承德路七段141號,63,6301200,6301200-004,1鄰,承德路,7段,,,,,141號,121.50842241058,25.112725038461
臺北市北投區福興里1鄰承德路七段141之7號,63,6301200,6301200-004,1鄰,承德路,7段,,,,,141之7號,121.50735816473,25.112298715489
臺北市北投區福興里1鄰承德路七段143之1號,63,6301200,6301200-004,1鄰,承德路,7段,,,,,143之1號,121.50602441253,25.112044114879
臺北市北投區福興里1鄰承德路六段449號,63,6301200,6301200-004,1鄰,承德路,6段,,,,,449號,121.51048266323,25.108532336107
臺北市北投區福興里1鄰承德路六段449之1號,63,6301200,6301200-004,1鄰,承德路,6段,,,,,449之1號,121.51053890811,25.108227925288
臺北市北投區福興里1鄰承德路六段449之2號,63,6301200,6301200-004,1鄰,承德路,6段,,,,,449之2號,121.5097600812,25.108379088414
臺北市北投區福興里1鄰承德路六段449之3號,63,6301200,6301200-004,1鄰,承德路,6段,,,,,449之3號,121.50956901747,25.108358727844
臺北市北投區福興里1鄰承德路六段449之5號,63,6301200,6301200-004,1鄰,承德路,6段,,,,,449之5號,121.51076414433,25.108595384554
臺北市北投區福興里1鄰承德路六段449之14號,63,6301200,6301200-004,1鄰,承德路,6段,,,,,449之14號,121.50975720036,25.108698220787
臺北市北投區福興里1鄰承德路六段449之15號,63,6301200,6301200-004,1鄰,承德路,6段,,,,,449之15號,121.50956174609,25.108685630377
臺北市北投區福興里1鄰承德路六段449之16號,63,6301200,6301200-004,1鄰,承德路,6段,,,,,449之16號,121.50760561024,25.108874614945
臺北市北投區福興里1鄰承德路六段449之17號,63,6301200,6301200-004,1鄰,承德路,6段,,,,,449之17號,121.50982667911,25.109004690862
臺北市北投區福興里1鄰承德路六段451號,63,6301200,6301200-004,1鄰,承德路,6段,,,,,451號,121.51108605647,25.108688455734
臺北市北投區福興里1鄰承德路六段483號,63,6301200,6301200-004,1鄰,承德路,6段,,,,,483號,121.51097174905,25.110099937953
臺北市北投區福興里1鄰承德路七段109巷500號,63,6301200,6301200-004,1鄰,承德路,7段,109巷,,,,500號,121.50726610205,25.109007838617
臺北市北投區福興里1鄰承德路六段505號,63,6301200,6301200-004,1鄰,承德路,6段,,,,,505號,121.51115650442,25.109074612126
臺北市北投區吉慶里4鄰承德路七段188巷1號,63,6301200,6301200-014,4鄰,承德路,7段,188巷,,,,1號,121.50819257653,25.114289090525
臺北市北投區吉慶里5鄰承德路七段168巷1號,63,6301200,6301200-014,5鄰,承德路,7段,168巷,,,,1號,121.50815613327,25.113904721289
臺北市北投區吉慶里6鄰承德路七段140巷1號,63,6301200,6301200-014,6鄰,承德路,7段,140巷,,,,1號,121.5093167399,25.113039358089
臺北市北投區吉慶里6鄰承德路七段160巷1號,63,6301200,6301200-014,6鄰,承德路,7段,160巷,,,,1號,121.50901352587,25.113118040253
臺北市北投區吉慶里6鄰承德路七段164巷1號,63,6301200,6301200-014,6鄰,承德路,7段,164巷,,,,1號,121.50874248787,25.113357201747
臺北市北投區吉慶里6鄰承德路七段166巷1號,63,6301200,6301200-014,6鄰,承德路,7段,166巷,,,,1號,121.50848244441,25.113600920307
臺北市北投區吉慶里6鄰承德路七段140巷2號,63,6301200,6301200-014,6鄰,承德路,7段,140巷,,,,2號,121.50936842044,25.112948394834
臺北市北投區吉慶里6鄰承德路七段166巷2號,63,6301200,6301200-014,6鄰,承德路,7段,166巷,,,,2號,121.50862126213,25.113489986407
臺北市北投區吉慶里5鄰承德路七段168巷2號,63,6301200,6301200-014,5鄰,承德路,7段,168巷,,,,2號,121.5083556466,25.113721987441
臺北市北投區吉慶里4鄰承德路七段188巷2號,63,6301200,6301200-014,4鄰,承德路,7段,188巷,,,,2號,121.5079962391,25.114055350931
臺北市北投區吉慶里4鄰承德路七段188巷3號,63,6301200,6301200-014,4鄰,承德路,7段,188巷,,,,3號,121.50826461607,25.114315738045
臺北市北投區吉慶里5鄰承德路七段168巷3號,63,6301200,6301200-014,5鄰,承德路,7段,168巷,,,,3號,121.50825527564,25.113941739397
臺北市北投區吉慶里6鄰承德路七段166巷3號,63,6301200,6301200-014,6鄰,承德路,7段,166巷,,,,3號,121.50853449702,25.113650007668
臺北市北投區吉慶里6鄰承德路七段164巷3號,63,6301200,6301200-014,6鄰,承德路,7段,164巷,,,,3號,121.50879762891,25.113412200799
臺北市北投區吉慶里6鄰承德路七段140巷3號,63,6301200,6301200-014,6鄰,承德路,7段,140巷,,,,3號,121.50939261464,25.113079958238
臺北市北投區吉慶里6鄰承德路七段166巷4號,63,6301200,6301200-014,6鄰,承德路,7段,166巷,,,,4號,121.50867375318,25.113537194389
臺北市北投區吉慶里5鄰承德路七段168巷4號,63,6301200,6301200-014,5鄰,承德路,7段,168巷,,,,4號,121.50841030397,25.113770325617
臺北市北投區吉慶里4鄰承德路七段188巷4號,63,6301200,6301200-014,4鄰,承德路,7段,188巷,,,,4號,121.50809626598,25.11409283557
臺北市北投區吉慶里4鄰承德路七段188巷5號,63,6301200,6301200-014,4鄰,承德路,7段,188巷,,,,5號,121.50836647854,25.114353432877
臺北市北投區吉慶里5鄰承德路七段168巷5號,63,6301200,6301200-014,5鄰,承德路,7段,168巷,,,,5號,121.50832119854,25.113966376558
臺北市北投區吉慶里6鄰承德路七段166巷5號,63,6301200,6301200-014,6鄰,承德路,7段,166巷,,,,5號,121.50863918016,25.113684135609
臺北市北投區吉慶里6鄰承德路七段164巷5號,63,6301200,6301200-014,6鄰,承德路,7段,164巷,,,,5號,121.50884841895,25.113462881313
臺北市北投區吉慶里4鄰承德路七段188巷6號,63,6301200,6301200-014,4鄰,承德路,7段,188巷,,,,6號,121.50817122656,25.114120917611
臺北市北投區吉慶里6鄰承德路七段166巷6號,63,6301200,6301200-014,6鄰,承德路,7段,166巷,,,,6號,121.50872790642,25.113585904326
臺北市北投區吉慶里6鄰承德路七段140巷6號,63,6301200,6301200-014,6鄰,承德路,7段,140巷,,,,6號,121.50943605179,25.112983389798
臺北市北投區吉慶里5鄰承德路七段168巷6號,63,6301200,6301200-014,5鄰,承德路,7段,168巷,,,,6號,121.50851171638,25.113838347003
臺北市北投區吉慶里4鄰承德路七段188巷7號,63,6301200,6301200-014,4鄰,承德路,7段,188巷,,,,7號,121.50842933198,25.114376690196
臺北市北投區吉慶里5鄰承德路七段168巷7號,63,6301200,6301200-014,5鄰,承德路,7段,168巷,,,,7號,121.50841409439,25.114001077718
臺北市北投區吉慶里6鄰承德路七段166巷7號,63,6301200,6301200-014,6鄰,承德路,7段,166巷,,,,7號,121.50869939705,25.113717296568
臺北市北投區吉慶里6鄰承德路七段164巷7號,63,6301200,6301200-014,6鄰,承德路,7段,164巷,,,,7號,121.50904286706,25.113546743169
臺北市北投區吉慶里6鄰承德路七段164巷8號,63,6301200,6301200-014,6鄰,承德路,7段,164巷,,,,8號,121.50928078612,25.113341035354
臺北市北投區吉慶里6鄰承德路七段166巷8號,63,6301200,6301200-014,6鄰,承德路,7段,166巷,,,,8號,121.50892629242,25.113679638498
臺北市北投區吉慶里5鄰承德路七段168巷8號,63,6301200,6301200-014,5鄰,承德路,7段,168巷,,,,8號,121.50858886176,25.113874438219
臺北市北投區吉慶里4鄰承德路七段188巷8號,63,6301200,6301200-014,4鄰,承德路,7段,188巷,,,,8號,121.50826843309,25.114157346493
臺北市北投區吉慶里4鄰承德路七段188巷9號,63,6301200,6301200-014,4鄰,承德路,7段,188巷,,,,9號,121.50850618819,25.114405126683
臺北市北投區吉慶里5鄰承德路七段168巷9號,63,6301200,6301200-014,5鄰,承德路,7段,168巷,,,,9號,121.50845706638,25.114017117592
臺北市北投區吉慶里6鄰承德路七段166巷9號,63,6301200,6301200-014,6鄰,承德路,7段,166巷,,,,9號,121.50876619325,25.113754091272
臺北市北投區吉慶里6鄰承德路七段164巷9號,63,6301200,6301200-014,6鄰,承德路,7段,164巷,,,,9號,121.50910200947,25.113579031936
臺北市北投區吉慶里6鄰承德路七段166巷10號,63,6301200,6301200-014,6鄰,承德路,7段,166巷,,,,10號,121.50898963029,25.113714576172
臺北市北投區吉慶里6鄰承德路七段164巷10號,63,6301200,6301200-014,6鄰,承德路,7段,164巷,,,,10號,121.5091708971,25.113424136462
臺北市北投區吉慶里5鄰承德路七段168巷10號,63,6301200,6301200-014,5鄰,承德路,7段,168巷,,,,10號,121.50865341947,25.113904632144
臺北市北投區吉慶里4鄰承德路七段188巷10號,63,6301200,6301200-014,4鄰,承德路,7段,188巷,,,,10號,121.50832209136,25.114177457519
臺北市北投區吉慶里4鄰承德路七段188巷11號,63,6301200,6301200-014,4鄰,承德路,7段,188巷,,,,11號,121.50867868032,25.114468949875
臺北市北投區吉慶里5鄰承德路七段168巷11號,63,6301200,6301200-014,5鄰,承德路,7段,168巷,,,,11號,121.50853347662,25.114045663935
臺北市北投區吉慶里6鄰承德路七段164巷11號,63,6301200,6301200-014,6鄰,承德路,7段,164巷,,,,11號,121.50916896339,25.113615591189
臺北市北投區吉慶里6鄰承德路七段166巷11號,63,6301200,6301200-014,6鄰,承德路,7段,166巷,,,,11號,121.5088353946,25.113792213838
臺北市北投區吉慶里6鄰承德路七段166巷12號,63,6301200,6301200-014,6鄰,承德路,7段,166巷,,,,12號,121.5090561187,25.113751254437
臺北市北投區吉慶里6鄰承德路七段164巷12號,63,6301200,6301200-014,6鄰,承德路,7段,164巷,,,,12號,121.50924432276,25.11347189528
臺北市北投區吉慶里5鄰承德路七段168巷12號,63,6301200,6301200-014,5鄰,承德路,7段,168巷,,,,12號,121.5087276937,25.113939378933
臺北市北投區吉慶里4鄰承德路七段188巷12號,63,6301200,6301200-014,4鄰,承德路,7段,188巷,,,,12號,121.50844860495,25.114224863177
臺北市北投區吉慶里4鄰承德路七段188巷13號,63,6301200,6301200-014,4鄰,承德路,7段,188巷,,,,13號,121.50875895292,25.114498647459
臺北市北投區吉慶里5鄰承德路七段168巷13號,63,6301200,6301200-014,5鄰,承德路,7段,168巷,,,,13號,121.5085832813,25.114064262349
臺北市北投區吉慶里6鄰承德路七段164巷13號,63,6301200,6301200-014,6鄰,承德路,7段,164巷,,,,13號,121.50923928648,25.113654007638
臺北市北投區吉慶里6鄰承德路七段166巷13號,63,6301200,6301200-014,6鄰,承德路,7段,166巷,,,,13號,121.50890747815,25.113831924436
臺北市北投區吉慶里6鄰承德路七段166巷14號,63,6301200,6301200-014,6鄰,承德路,7段,166巷,,,,14號,121.5091270596,25.113790391059
臺北市北投區吉慶里6鄰承德路七段164巷14號,63,6301200,6301200-014,6鄰,承德路,7段,164巷,,,,14號,121.50932061466,25.113550890175
臺北市北投區吉慶里5鄰承德路七段168巷14號,63,6301200,6301200-014,5鄰,承德路,7段,168巷,,,,14號,121.50880605127,25.11397603464
臺北市北投區吉慶里4鄰承德路七段188巷14號,63,6301200,6301200-014,4鄰,承德路,7段,188巷,,,,14號,121.50848178508,25.114237289302
臺北市北投區吉慶里4鄰承德路七段188巷15號,63,6301200,6301200-014,4鄰,承德路,7段,188巷,,,,15號,121.50881106113,25.114517933045
臺北市北投區吉慶里5鄰承德路七段168巷15號,63,6301200,6301200-014,5鄰,承德路,7段,168巷,,,,15號,121.5086807655,25.114100680979
臺北市北投區吉慶里6鄰承德路七段164巷15號,63,6301200,6301200-014,6鄰,承德路,7段,164巷,,,,15號,121.50930455097,25.113689642745
臺北市北投區吉慶里6鄰承德路七段166巷15號,63,6301200,6301200-014,6鄰,承德路,7段,166巷,,,,15號,121.50900713575,25.114065146114
臺北市北投區吉慶里6鄰承德路七段166巷16號,63,6301200,6301200-014,6鄰,承德路,7段,166巷,,,,16號,121.50918946345,25.113824835312
臺北市北投區吉慶里6鄰承德路七段164巷16號,63,6301200,6301200-014,6鄰,承德路,7段,164巷,,,,16號,121.50945813049,25.113626045414
臺北市北投區吉慶里4鄰承德路七段188巷16號,63,6301200,6301200-014,4鄰,承德路,7段,188巷,,,,16號,121.50856639903,25.114269003408
臺北市北投區吉慶里4鄰承德路七段188巷17號,63,6301200,6301200-014,4鄰,承德路,7段,188巷,,,,17號,121.50889618013,25.114549419525
臺北市北投區吉慶里5鄰承德路七段168巷17號,63,6301200,6301200-014,5鄰,承德路,7段,168巷,,,,17號,121.50891621193,25.114228964599
臺北市北投區吉慶里6鄰承德路七段166巷17號,63,6301200,6301200-014,6鄰,承德路,7段,166巷,,,,17號,121.50906543955,25.114000242165
臺北市北投區吉慶里6鄰承德路七段166巷18號,63,6301200,6301200-014,6鄰,承德路,7段,166巷,,,,18號,121.5093190956,25.11391892241
臺北市北投區吉慶里6鄰承德路七段164巷18號,63,6301200,6301200-014,6鄰,承德路,7段,164巷,,,,18號,121.50951878946,25.113650989025
臺北市北投區吉慶里4鄰承德路七段188巷18號,63,6301200,6301200-014,4鄰,承德路,7段,188巷,,,,18號,121.50879600883,25.11435503807
臺北市北投區吉慶里4鄰承德路七段188巷19號,63,6301200,6301200-014,4鄰,承德路,7段,188巷,,,,19號,121.50894736484,25.114568374196
臺北市北投區吉慶里5鄰承德路七段168巷19號,63,6301200,6301200-014,5鄰,承德路,7段,168巷,,,,19號,121.50903012666,25.114267728051
臺北市北投區吉慶里6鄰承德路七段164巷19號,63,6301200,6301200-014,6鄰,承德路,7段,164巷,,,,19號,121.50949422128,25.113773728055
臺北市北投區吉慶里6鄰承德路七段166巷19號,63,6301200,6301200-014,6鄰,承德路,7段,166巷,,,,19號,121.50911542276,25.113944629507
臺北市北投區吉慶里6鄰承德路七段166巷20號,63,6301200,6301200-014,6鄰,承德路,7段,166巷,,,,20號,121.5093833099,25.113945162924
臺北市北投區吉慶里6鄰承德路七段164巷20號,63,6301200,6301200-014,6鄰,承德路,7段,164巷,,,,20號,121.5096194872,25.113692406546
臺北市北投區吉慶里4鄰承德路七段188巷20號,63,6301200,6301200-014,4鄰,承德路,7段,188巷,,,,20號,121.50887074128,25.114383030255
臺北市北投區吉慶里4鄰承德路七段188巷21號,63,6301200,6301200-014,4鄰,承德路,7段,188巷,,,,21號,121.5090184712,25.114594681484
臺北市北投區吉慶里6鄰承德路七段164巷21號,63,6301200,6301200-014,6鄰,承德路,7段,164巷,,,,21號,121.50956359362,25.113802812647
臺北市北投區吉慶里6鄰承德路七段166巷22號,63,6301200,6301200-014,6鄰,承德路,7段,166巷,,,,22號,121.50947988473,25.113984635621
臺北市北投區吉慶里4鄰承德路七段188巷22號,63,6301200,6301200-014,4鄰,承德路,7段,188巷,,,,22號,121.5089730032,25.114421346229
臺北市北投區吉慶里4鄰承德路七段188巷24號,63,6301200,6301200-014,4鄰,承德路,7段,188巷,,,,24號,121.50905240464,25.11445856698
臺北市北投區吉慶里4鄰承德路七段188巷26號,63,6301200,6301200-014,4鄰,承德路,7段,188巷,,,,26號,121.509143048,25.114490350331
臺北市北投區吉慶里4鄰承德路七段188巷28號,63,6301200,6301200-014,4鄰,承德路,7段,188巷,,,,28號,121.50922042463,25.114517493652
臺北市北投區吉慶里6鄰承德路七段138號,63,6301200,6301200-014,6鄰,承德路,7段,,,,,138號,121.50926806254,25.112850027239
臺北市北投區吉慶里6鄰承德路七段142號,63,6301200,6301200-014,6鄰,承德路,7段,,,,,142號,121.50916324706,25.112944197318
臺北市北投區吉慶里6鄰承德路七段144號,63,6301200,6301200-014,6鄰,承德路,7段,,,,,144號,121.50911687765,25.112986427095
臺北市北投區吉慶里6鄰承德路七段148號,63,6301200,6301200-014,6鄰,承德路,7段,,,,,148號,121.50907051812,25.113028656823
臺北市北投區吉慶里6鄰承德路七段162號,63,6301200,6301200-014,6鄰,承德路,7段,,,,,162號,121.50887324582,25.113208485939
臺北市北投區吉慶里6鄰承德路七段162之1號,63,6301200,6301200-014,6鄰,承德路,7段,,,,,162之1號,121.50884711793,25.113234847134
臺北市北投區吉慶里6鄰承德路七段162之2號,63,6301200,6301200-014,6鄰,承德路,7段,,,,,162之2號,121.50881316654,25.11327079584
臺北市北投區吉慶里1鄰承德路七段190號,63,6301200,6301200-014,1鄰,承德路,7段,,,,,190號,121.50784147951,25.114152841973
臺北市北投區吉慶里1鄰承德路七段192號,63,6301200,6301200-014,1鄰,承德路,7段,,,,,192號,121.50777447323,25.114213992513
臺北市北投區吉慶里1鄰承德路七段194號,63,6301200,6301200-014,1鄰,承德路,7段,,,,,194號,121.50771407564,25.114269107735
臺北市北投區吉慶里1鄰承德路七段196號,63,6301200,6301200-014,1鄰,承德路,7段,,,,,196號,121.50761148655,25.114362727424
臺北市北投區吉慶里1鄰承德路七段198號,63,6301200,6301200-014,1鄰,承德路,7段,,,,,198號,121.50753951109,25.11442840888
臺北市北投區立賢里12鄰承德路七段280巷1號,63,6301200,6301200-016,12鄰,承德路,7段,280巷,,,,1號,121.50579473381,25.116291416047
臺北市北投區立賢里16鄰承德路七段280巷6弄1號,63,6301200,6301200-016,16鄰,承德路,7段,280巷,6弄,,,1號,121.50611071147,25.11622760206
臺北市北投區立賢里2鄰承德路七段342巷26弄1號,63,6301200,6301200-016,2鄰,承德路,7段,342巷,26弄,,,1號,121.50549303446,25.117760571632
臺北市北投區立賢里7鄰承德路七段304巷1號,63,6301200,6301200-016,7鄰,承德路,7段,304巷,,,,1號,121.50493455912,25.116932655843
臺北市北投區立賢里8鄰承德路七段304巷2號,63,6301200,6301200-016,8鄰,承德路,7段,304巷,,,,2號,121.50502543755,25.116845298182
臺北市北投區立賢里16鄰承德路七段280巷6弄3號,63,6301200,6301200-016,16鄰,承德路,7段,280巷,6弄,,,3號,121.50616118543,25.116177441633
臺北市北投區立賢里12鄰承德路七段280巷3號,63,6301200,6301200-016,12鄰,承德路,7段,280巷,,,,3號,121.50589422618,25.116333661734
臺北市北投區立賢里7鄰承德路七段304巷3號,63,6301200,6301200-016,7鄰,承德路,7段,304巷,,,,3號,121.50498335867,25.116969522548
臺北市北投區立賢里8鄰承德路七段304巷4號,63,6301200,6301200-016,8鄰,承德路,7段,304巷,,,,4號,121.50507020431,25.116887730825
臺北市北投區立賢里7鄰承德路七段304巷5號,63,6301200,6301200-016,7鄰,承德路,7段,304巷,,,,5號,121.50504034787,25.117023027054
臺北市北投區立賢里16鄰承德路七段280巷6弄5號,63,6301200,6301200-016,16鄰,承德路,7段,280巷,6弄,,,5號,121.50631070096,25.116052895217
臺北市北投區立賢里12鄰承德路七段280巷5號,63,6301200,6301200-016,12鄰,承德路,7段,280巷,,,,5號,121.50596935924,25.116364886029
臺北市北投區立賢里1鄰承德路七段344巷5號,63,6301200,6301200-016,1鄰,承德路,7段,344巷,,,,5號,121.50426724958,25.117759076496
臺北市北投區立賢里8鄰承德路七段304巷6號,63,6301200,6301200-016,8鄰,承德路,7段,304巷,,,,6號,121.50512921638,25.116941237434
臺北市北投區立賢里16鄰承德路七段280巷6弄7號,63,6301200,6301200-016,16鄰,承德路,7段,280巷,6弄,,,7號,121.50633683602,25.11599911636
臺北市北投區立賢里12鄰承德路七段280巷7號,63,6301200,6301200-016,12鄰,承德路,7段,280巷,,,,7號,121.50607292259,25.116410828215
臺北市北投區立賢里1鄰承德路七段344巷7號,63,6301200,6301200-016,1鄰,承德路,7段,344巷,,,,7號,121.50433093959,25.117799883144
臺北市北投區立賢里2鄰承德路七段342巷7號,63,6301200,6301200-016,2鄰,承德路,7段,342巷,,,,7號,121.50458661313,25.117543096047
臺北市北投區立賢里1鄰承德路七段344巷8號,63,6301200,6301200-016,1鄰,承德路,7段,344巷,,,,8號,121.50444902226,25.117679517147
臺北市北投區立賢里13鄰承德路七段220巷8號,63,6301200,6301200-016,13鄰,承德路,7段,220巷,,,,8號,121.50715464773,25.115327056368
臺北市北投區立賢里15鄰承德路七段280巷8號,63,6301200,6301200-016,15鄰,承德路,7段,280巷,,,,8號,121.50617798957,25.116323466563
臺北市北投區立賢里15鄰承德路七段280巷8之1號,63,6301200,6301200-016,15鄰,承德路,7段,280巷,,,,8之1號,121.50626030158,25.116162053514
臺北市北投區立賢里1鄰承德路七段344巷8之1號,63,6301200,6301200-016,1鄰,承德路,7段,344巷,,,,8之1號,121.50451142023,25.117722016352
臺北市北投區立賢里1鄰承德路七段344巷9號,63,6301200,6301200-016,1鄰,承德路,7段,344巷,,,,9號,121.50440555152,25.1178562169
臺北市北投區立賢里2鄰承德路七段342巷9號,63,6301200,6301200-016,2鄰,承德路,7段,342巷,,,,9號,121.50468013684,25.117621610326
臺北市北投區立賢里4鄰承德路七段220巷9號,63,6301200,6301200-016,4鄰,承德路,7段,220巷,,,,9號,121.50708127367,25.115431273954
臺北市北投區立賢里12鄰承德路七段280巷9號,63,6301200,6301200-016,12鄰,承德路,7段,280巷,,,,9號,121.50615006336,25.116438353107
臺北市北投區立賢里13鄰承德路七段220巷10號,63,6301200,6301200-016,13鄰,承德路,7段,220巷,,,,10號,121.50726301319,25.11535937609
臺北市北投區立賢里15鄰承德路七段280巷10號,63,6301200,6301200-016,15鄰,承德路,7段,280巷,,,,10號,121.50628116182,25.116363523674
臺北市北投區立賢里4鄰承德路七段232巷10號,63,6301200,6301200-016,4鄰,承德路,7段,232巷,,,,10號,121.50693640506,25.115573798082
臺北市北投區立賢里2鄰承德路七段342巷10號,63,6301200,6301200-016,2鄰,承德路,7段,342巷,,,,10號,121.50477271305,25.117433214532
臺北市北投區立賢里1鄰承德路七段344巷10號,63,6301200,6301200-016,1鄰,承德路,7段,344巷,,,,10號,121.50458774816,25.117785711036
臺北市北投區立賢里15鄰承德路七段280巷10之1號,63,6301200,6301200-016,15鄰,承德路,7段,280巷,,,,10之1號,121.50635883959,25.11619888534
臺北市北投區立賢里12鄰承德路七段280巷11號,63,6301200,6301200-016,12鄰,承德路,7段,280巷,,,,11號,121.50624142425,25.116473232374
臺北市北投區立賢里1鄰承德路七段344巷11號,63,6301200,6301200-016,1鄰,承德路,7段,344巷,,,,11號,121.50444903434,25.117882954376
臺北市北投區立賢里2鄰承德路七段342巷11號,63,6301200,6301200-016,2鄰,承德路,7段,342巷,,,,11號,121.50476966133,25.11770177223
臺北市北投區立賢里4鄰承德路七段220巷11號,63,6301200,6301200-016,4鄰,承德路,7段,220巷,,,,11號,121.50719417201,25.115466295654
臺北市北投區立賢里4鄰承德路七段232巷12號,63,6301200,6301200-016,4鄰,承德路,7段,232巷,,,,12號,121.50699484661,25.115589920898
臺北市北投區立賢里2鄰承德路七段342巷12號,63,6301200,6301200-016,2鄰,承德路,7段,342巷,,,,12號,121.50486618852,25.117490323437
臺北市北投區立賢里1鄰承德路七段344巷12號,63,6301200,6301200-016,1鄰,承德路,7段,344巷,,,,12號,121.50467105462,25.117839144156
臺北市北投區立賢里15鄰承德路七段280巷12號,63,6301200,6301200-016,15鄰,承德路,7段,280巷,,,,12號,121.50635043324,25.116389594739
臺北市北投區立賢里15鄰承德路七段280巷12之1號,63,6301200,6301200-016,15鄰,承德路,7段,280巷,,,,12之1號,121.50644750603,25.116232040307
臺北市北投區立賢里12鄰承德路七段280巷13號,63,6301200,6301200-016,12鄰,承德路,7段,280巷,,,,13號,121.50633888649,25.116513642975
臺北市北投區立賢里1鄰承德路七段344巷13號,63,6301200,6301200-016,1鄰,承德路,7段,344巷,,,,13號,121.50451116598,25.117920940478
臺北市北投區立賢里2鄰承德路七段342巷13號,63,6301200,6301200-016,2鄰,承德路,7段,342巷,,,,13號,121.50482248636,25.117731222305
臺北市北投區立賢里4鄰承德路七段220巷13號,63,6301200,6301200-016,4鄰,承德路,7段,220巷,,,,13號,121.50725505434,25.115485181618
臺北市北投區立賢里4鄰承德路七段232巷14號,63,6301200,6301200-016,4鄰,承德路,7段,232巷,,,,14號,121.50709099923,25.115620657462
臺北市北投區立賢里2鄰承德路七段342巷14號,63,6301200,6301200-016,2鄰,承德路,7段,342巷,,,,14號,121.50490487934,25.117530935101
臺北市北投區立賢里1鄰承德路七段344巷14號,63,6301200,6301200-016,1鄰,承德路,7段,344巷,,,,14號,121.50471781412,25.117874176171
臺北市北投區立賢里15鄰承德路七段280巷14號,63,6301200,6301200-016,15鄰,承德路,7段,280巷,,,,14號,121.50642579267,25.116417965176
臺北市北投區立賢里15鄰承德路七段280巷14之1號,63,6301200,6301200-016,15鄰,承德路,7段,280巷,,,,14之1號,121.50653794346,25.11631955587
臺北市北投區立賢里15鄰承德路七段280巷14之2號,63,6301200,6301200-016,15鄰,承德路,7段,280巷,,,,14之2號,121.50657379217,25.116279249695
臺北市北投區立賢里1鄰承德路七段344巷15號,63,6301200,6301200-016,1鄰,承德路,7段,344巷,,,,15號,121.50457949105,25.117960322872
臺北市北投區立賢里2鄰承德路七段342巷15號,63,6301200,6301200-016,2鄰,承德路,7段,342巷,,,,15號,121.50490170681,25.117777257209
臺北市北投區立賢里4鄰承德路七段220巷15號,63,6301200,6301200-016,4鄰,承德路,7段,220巷,,,,15號,121.50748281208,25.115571414208
臺北市北投區立賢里4鄰承德路七段232巷15號,63,6301200,6301200-016,4鄰,承德路,7段,232巷,,,,15號,121.50722690669,25.115798396535
臺北市北投區立賢里4鄰承德路七段232巷16號,63,6301200,6301200-016,4鄰,承德路,7段,232巷,,,,16號,121.50737240995,25.115727958648
臺北市北投區立賢里2鄰承德路七段342巷16號,63,6301200,6301200-016,2鄰,承德路,7段,342巷,,,,16號,121.50502266885,25.117587961097
臺北市北投區立賢里1鄰承德路七段344巷16號,63,6301200,6301200-016,1鄰,承德路,7段,344巷,,,,16號,121.50482344986,25.117936795925
臺北市北投區立賢里1鄰承德路七段344巷17號,63,6301200,6301200-016,1鄰,承德路,7段,344巷,,,,17號,121.5046742326,25.118016578948
臺北市北投區立賢里2鄰承德路七段342巷17號,63,6301200,6301200-016,2鄰,承德路,7段,342巷,,,,17號,121.50498286345,25.117797357019
臺北市北投區立賢里4鄰承德路七段220巷17號,63,6301200,6301200-016,4鄰,承德路,7段,220巷,,,,17號,121.50757088652,25.11559572308
臺北市北投區立賢里4鄰承德路七段232巷17號,63,6301200,6301200-016,4鄰,承德路,7段,232巷,,,,17號,121.50731619642,25.115824019489
臺北市北投區立賢里4鄰承德路七段232巷18號,63,6301200,6301200-016,4鄰,承德路,7段,232巷,,,,18號,121.50748364973,25.115759862105
臺北市北投區立賢里2鄰承德路七段342巷18號,63,6301200,6301200-016,2鄰,承德路,7段,342巷,,,,18號,121.50507959825,25.117634080868
臺北市北投區立賢里1鄰承德路七段344巷18號,63,6301200,6301200-016,1鄰,承德路,7段,344巷,,,,18號,121.5048762879,25.117971798161
臺北市北投區立賢里2鄰承德路七段342巷19號,63,6301200,6301200-016,2鄰,承德路,7段,342巷,,,,19號,121.50506812214,25.117835968294
臺北市北投區立賢里4鄰承德路七段232巷19號,63,6301200,6301200-016,4鄰,承德路,7段,232巷,,,,19號,121.50738315498,25.115842315841
臺北市北投區立賢里2鄰承德路七段342巷20號,63,6301200,6301200-016,2鄰,承德路,7段,342巷,,,,20號,121.50518318064,25.117689295364
臺北市北投區立賢里2鄰承德路七段342巷21號,63,6301200,6301200-016,2鄰,承德路,7段,342巷,,,,21號,121.50510466157,25.11785250952
臺北市北投區立賢里4鄰承德路七段232巷21號,63,6301200,6301200-016,4鄰,承德路,7段,232巷,,,,21號,121.50746837616,25.115862391369
臺北市北投區立賢里2鄰承德路七段342巷22號,63,6301200,6301200-016,2鄰,承德路,7段,342巷,,,,22號,121.50521973525,25.117709537995
臺北市北投區立賢里2鄰承德路七段342巷23號,63,6301200,6301200-016,2鄰,承德路,7段,342巷,,,,23號,121.50517774049,25.117885600971
臺北市北投區立賢里2鄰承德路七段342巷24號,63,6301200,6301200-016,2鄰,承德路,7段,342巷,,,,24號,121.50530098626,25.11775740748
臺北市北投區立賢里2鄰承德路七段342巷28號,63,6301200,6301200-016,2鄰,承德路,7段,342巷,,,,28號,121.50543007293,25.117855986697
臺北市北投區立賢里15鄰承德路七段280巷28號,63,6301200,6301200-016,15鄰,承德路,7段,280巷,,,,28號,121.50665602288,25.116521569492
臺北市北投區立賢里12鄰承德路七段280巷29號,63,6301200,6301200-016,12鄰,承德路,7段,280巷,,,,29號,121.50654547582,25.11660732516
臺北市北投區立賢里2鄰承德路七段342巷30號,63,6301200,6301200-016,2鄰,承德路,7段,342巷,,,,30號,121.5055222637,25.117911600907
臺北市北投區立賢里15鄰承德路七段280巷30號,63,6301200,6301200-016,15鄰,承德路,7段,280巷,,,,30號,121.50677792717,25.116556912809
臺北市北投區立賢里12鄰承德路七段280巷31號,63,6301200,6301200-016,12鄰,承德路,7段,280巷,,,,31號,121.50661081059,25.116630944903
臺北市北投區立賢里15鄰承德路七段280巷32號,63,6301200,6301200-016,15鄰,承德路,7段,280巷,,,,32號,121.5068780615,25.116586380994
臺北市北投區立賢里12鄰承德路七段280巷33號,63,6301200,6301200-016,12鄰,承德路,7段,280巷,,,,33號,121.50670659184,25.11666041905
臺北市北投區立賢里15鄰承德路七段280巷34號,63,6301200,6301200-016,15鄰,承德路,7段,280巷,,,,34號,121.50695642745,25.11660796084
臺北市北投區立賢里12鄰承德路七段280巷35號,63,6301200,6301200-016,12鄰,承德路,7段,280巷,,,,35號,121.50678495608,25.116683985156
臺北市北投區立賢里15鄰承德路七段280巷36號,63,6301200,6301200-016,15鄰,承德路,7段,280巷,,,,36號,121.50705439845,25.116639413438
臺北市北投區立賢里12鄰承德路七段280巷37號,63,6301200,6301200-016,12鄰,承德路,7段,280巷,,,,37號,121.50688076203,25.116719426622
臺北市北投區立賢里15鄰承德路七段280巷38號,63,6301200,6301200-016,15鄰,承德路,7段,280巷,,,,38號,121.50713059117,25.116662986786
臺北市北投區立賢里12鄰承德路七段280巷39號,63,6301200,6301200-016,12鄰,承德路,7段,280巷,,,,39號,121.50693086954,25.116739116928
臺北市北投區立賢里15鄰承德路七段280巷40號,63,6301200,6301200-016,15鄰,承德路,7段,280巷,,,,40號,121.50722202941,25.116692475455
臺北市北投區立賢里12鄰承德路七段280巷41號,63,6301200,6301200-016,12鄰,承德路,7段,280巷,,,,41號,121.50704622661,25.116766537754
臺北市北投區立賢里12鄰承德路七段280巷43號,63,6301200,6301200-016,12鄰,承德路,7段,280巷,,,,43號,121.50711807457,25.116792121158
臺北市北投區立賢里12鄰承德路七段280巷45號,63,6301200,6301200-016,12鄰,承德路,7段,280巷,,,,45號,121.50721385775,25.116819599777
臺北市北投區立賢里5鄰承德路七段202號,63,6301200,6301200-016,5鄰,承德路,7段,,,,,202號,121.50719993714,25.114734419903
臺北市北投區立賢里5鄰承德路七段204號,63,6301200,6301200-016,5鄰,承德路,7段,,,,,204號,121.50711711107,25.114871658211
臺北市北投區立賢里5鄰承德路七段206號,63,6301200,6301200-016,5鄰,承德路,7段,,,,,206號,121.50705799416,25.114924890961
臺北市北投區立賢里5鄰承德路七段208號,63,6301200,6301200-016,5鄰,承德路,7段,,,,,208號,121.50703467926,25.11494587055
臺北市北投區立賢里5鄰承德路七段210號,63,6301200,6301200-016,5鄰,承德路,7段,,,,,210號,121.50696723414,25.115006606942
臺北市北投區立賢里5鄰承德路七段212號,63,6301200,6301200-016,5鄰,承德路,7段,,,,,212號,121.50692554916,25.115042996952
臺北市北投區立賢里4鄰承德路七段221號,63,6301200,6301200-016,4鄰,承德路,7段,,,,,221號,121.50528756253,25.115100327852
臺北市北投區立賢里4鄰承德路七段222號,63,6301200,6301200-016,4鄰,承德路,7段,,,,,222號,121.50656327329,25.11539202139
臺北市北投區立賢里4鄰承德路七段223號,63,6301200,6301200-016,4鄰,承德路,7段,,,,,223號,121.50499299771,25.115015005546
臺北市北投區立賢里4鄰承德路七段223之2號,63,6301200,6301200-016,4鄰,承德路,7段,,,,,223之2號,121.50453620776,25.115093479389
臺北市北投區立賢里4鄰承德路七段236號,63,6301200,6301200-016,4鄰,承德路,7段,,,,,236號,121.50633297742,25.115613714557
臺北市北投區立賢里16鄰承德路七段260號,63,6301200,6301200-016,16鄰,承德路,7段,,,,,260號,121.50601265778,25.11595918178
臺北市北投區立賢里16鄰承德路七段262號,63,6301200,6301200-016,16鄰,承德路,7段,,,,,262號,121.50596828348,25.115995210554
臺北市北投區立賢里12鄰承德路七段282號,63,6301200,6301200-016,12鄰,承德路,7段,,,,,282號,121.50557907955,25.11627658731
臺北市北投區立賢里12鄰承德路七段286號,63,6301200,6301200-016,12鄰,承德路,7段,,,,,286號,121.50545471336,25.116377854287
臺北市北投區立賢里10鄰承德路七段290號,63,6301200,6301200-016,10鄰,承德路,7段,,,,,290號,121.50532598229,25.11647389979
臺北市北投區立賢里10鄰承德路七段292號,63,6301200,6301200-016,10鄰,承德路,7段,,,,,292號,121.50522901294,25.116555708105
臺北市北投區立賢里8鄰承德路七段298號,63,6301200,6301200-016,8鄰,承德路,7段,,,,,298號,121.50516870434,25.116683687106
臺北市北投區立賢里8鄰承德路七段300號,63,6301200,6301200-016,8鄰,承德路,7段,,,,,300號,121.50506310338,25.116706517619
臺北市北投區立賢里7鄰承德路七段301號,63,6301200,6301200-016,7鄰,承德路,7段,,,,,301號,121.50417673537,25.1163620462
臺北市北投區立賢里8鄰承德路七段302號,63,6301200,6301200-016,8鄰,承德路,7段,,,,,302號,121.50496847361,25.116795504096
臺北市北投區立賢里7鄰承德路七段303號,63,6301200,6301200-016,7鄰,承德路,7段,,,,,303號,121.50394930032,25.116755727741
臺北市北投區立賢里7鄰承德路七段306號,63,6301200,6301200-016,7鄰,承德路,7段,,,,,306號,121.50487555478,25.1168810089
臺北市北投區立賢里7鄰承德路七段308號,63,6301200,6301200-016,7鄰,承德路,7段,,,,,308號,121.50482717801,25.116925320628
臺北市北投區立賢里7鄰承德路七段310號,63,6301200,6301200-016,7鄰,承德路,7段,,,,,310號,121.50475208677,25.117046732261
臺北市北投區立賢里7鄰承德路七段312號,63,6301200,6301200-016,7鄰,承德路,7段,,,,,312號,121.50460767852,25.117174500797
臺北市北投區立賢里2鄰承德路七段342之1號,63,6301200,6301200-016,2鄰,承德路,7段,,,,,342之1號,121.50432836719,25.117397784131
臺北市北投區立賢里2鄰承德路七段342之2號,63,6301200,6301200-016,2鄰,承德路,7段,,,,,342之2號,121.5042572981,25.117472552137
臺北市北投區立賢里1鄰承德路七段348號,63,6301200,6301200-016,1鄰,承德路,7段,,,,,348號,121.50403139787,25.117660624543
臺北市北投區立賢里1鄰承德路七段350號,63,6301200,6301200-016,1鄰,承德路,7段,,,,,350號,121.50395336534,25.117732481974
臺北市北投區立賢里1鄰承德路七段352號,63,6301200,6301200-016,1鄰,承德路,7段,,,,,352號,121.50385655376,25.117807283126
臺北市北投區立農里21鄰承德路七段393巷33號,63,6301200,6301200-017,21鄰,承德路,7段,393巷,,,,33號,121.50078302546,25.117867793543
臺北市北投區立農里21鄰承德路七段393巷55號,63,6301200,6301200-017,21鄰,承德路,7段,393巷,,,,55號,121.50084836016,25.117054536641
臺北市北投區立農里21鄰承德路七段393巷85號,63,6301200,6301200-017,21鄰,承德路,7段,393巷,,,,85號,121.50090825515,25.115802139035
臺北市北投區立農里21鄰承德路七段393巷89號,63,6301200,6301200-017,21鄰,承德路,7段,393巷,,,,89號,121.50091334578,25.115489219696
臺北市北投區立農里21鄰承德路七段393巷91號,63,6301200,6301200-017,21鄰,承德路,7段,393巷,,,,91號,121.50084778984,25.115211396197
臺北市北投區立農里21鄰承德路七段393巷99號,63,6301200,6301200-017,21鄰,承德路,7段,393巷,,,,99號,121.50085555512,25.114542538069
臺北市北投區立農里21鄰承德路七段393巷99之1號,63,6301200,6301200-017,21鄰,承德路,7段,393巷,,,,99之1號,121.50057341125,25.114065737019
臺北市北投區立農里21鄰承德路七段351之2號,63,6301200,6301200-017,21鄰,承德路,7段,,,,,351之2號,121.50278487163,25.117819642574
臺北市北投區立農里21鄰承德路七段372號,63,6301200,6301200-017,21鄰,承德路,7段,,,,,372號,121.50333092561,25.118520205329
臺北市北投區立農里21鄰承德路七段376號,63,6301200,6301200-017,21鄰,承德路,7段,,,,,376號,121.50290771028,25.118684136843
臺北市北投區立農里21鄰承德路七段378號,63,6301200,6301200-017,21鄰,承德路,7段,,,,,378號,121.50283151384,25.118725201931
臺北市北投區立農里21鄰承德路七段387號,63,6301200,6301200-017,21鄰,承德路,7段,,,,,387號,121.50129512563,25.118765325477
臺北市北投區立農里21鄰承德路七段389號,63,6301200,6301200-017,21鄰,承德路,7段,,,,,389號,121.5013820593,25.11918782248
臺北市北投區立農里21鄰承德路七段397號,63,6301200,6301200-017,21鄰,承德路,7段,,,,,397號,121.50106411554,25.119401814164
臺北市北投區八仙里10鄰承德路七段401巷108弄1號,63,6301200,6301200-018,10鄰,承德路,7段,401巷,108弄,,,1號,121.50004512517,25.117338335376
臺北市北投區八仙里11鄰承德路七段401巷331弄1號,63,6301200,6301200-018,11鄰,承德路,7段,401巷,331弄,,,1號,121.49641596394,25.114761312649
臺北市北投區八仙里11鄰承德路七段401巷346弄1號,63,6301200,6301200-018,11鄰,承德路,7段,401巷,346弄,,,1號,121.49591881001,25.115244901367
臺北市北投區八仙里10鄰承德路七段401巷128弄2號,63,6301200,6301200-018,10鄰,承德路,7段,401巷,128弄,,,2號,121.49996416818,25.116974634803
臺北市北投區八仙里10鄰承德路七段401巷88弄2號,63,6301200,6301200-018,10鄰,承德路,7段,401巷,88弄,,,2號,121.4999708219,25.117990995713
臺北市北投區八仙里11鄰承德路七段401巷620弄3號,63,6301200,6301200-018,11鄰,承德路,7段,401巷,620弄,,,3號,121.48515661926,25.116725346022
臺北市北投區八仙里12鄰承德路七段401巷989弄3號,63,6301200,6301200-018,12鄰,承德路,7段,401巷,989弄,,,3號,121.4829285756,25.115463775138
臺北市北投區八仙里11鄰承德路七段401巷346弄3號,63,6301200,6301200-018,11鄰,承德路,7段,401巷,346弄,,,3號,121.49598690835,25.115278284909
臺北市北投區八仙里11鄰承德路七段401巷331弄3號,63,6301200,6301200-018,11鄰,承德路,7段,401巷,331弄,,,3號,121.49643475339,25.114714394288
臺北市北投區八仙里12鄰承德路七段401巷989弄5號,63,6301200,6301200-018,12鄰,承德路,7段,401巷,989弄,,,5號,121.48302059993,25.115495181824
臺北市北投區八仙里11鄰承德路七段401巷346弄5號,63,6301200,6301200-018,11鄰,承德路,7段,401巷,346弄,,,5號,121.49603887637,25.115226380469
臺北市北投區八仙里10鄰承德路七段401巷108弄5號,63,6301200,6301200-018,10鄰,承德路,7段,401巷,108弄,,,5號,121.49998559973,25.11733851808
臺北市北投區八仙里10鄰承德路七段401巷128弄6號,63,6301200,6301200-018,10鄰,承德路,7段,401巷,128弄,,,6號,121.49985780177,25.116968050917
臺北市北投區八仙里10鄰承德路七段401巷88弄6號,63,6301200,6301200-018,10鄰,承德路,7段,401巷,88弄,,,6號,121.49948923845,25.1178746409
臺北市北投區八仙里12鄰承德路七段401巷989弄7號,63,6301200,6301200-018,12鄰,承德路,7段,401巷,989弄,,,7號,121.4830764204,25.115508722572
臺北市北投區八仙里11鄰承德路七段401巷620弄7號,63,6301200,6301200-018,11鄰,承德路,7段,401巷,620弄,,,7號,121.48527862262,25.117565673154
臺北市北投區八仙里11鄰承德路七段401巷346弄7號,63,6301200,6301200-018,11鄰,承德路,7段,401巷,346弄,,,7號,121.4960933536,25.115282695575
臺北市北投區八仙里10鄰承德路七段401巷88弄8號,63,6301200,6301200-018,10鄰,承德路,7段,401巷,88弄,,,8號,121.49966013208,25.117552550207
臺北市北投區八仙里11鄰承德路七段401巷620弄8號,63,6301200,6301200-018,11鄰,承德路,7段,401巷,620弄,,,8號,121.48580509278,25.116947217036
臺北市北投區八仙里12鄰承德路七段401巷989弄8號,63,6301200,6301200-018,12鄰,承德路,7段,401巷,989弄,,,8號,121.48256626692,25.115799597028
臺北市北投區八仙里12鄰承德路七段401巷989弄9號,63,6301200,6301200-018,12鄰,承德路,7段,401巷,989弄,,,9號,121.48313717543,25.115533965609
臺北市北投區八仙里11鄰承德路七段401巷346弄9號,63,6301200,6301200-018,11鄰,承德路,7段,401巷,346弄,,,9號,121.49611841518,25.115278792862
臺北市北投區八仙里10鄰承德路七段401巷88弄10號,63,6301200,6301200-018,10鄰,承德路,7段,401巷,88弄,,,10號,121.49960949079,25.117555032048
臺北市北投區八仙里10鄰承德路七段401巷88弄12號,63,6301200,6301200-018,10鄰,承德路,7段,401巷,88弄,,,12號,121.49955634024,25.117559833499
臺北市北投區八仙里11鄰承德路七段401巷350弄12號,63,6301200,6301200-018,11鄰,承德路,7段,401巷,350弄,,,12號,121.49594003096,25.115549833166
臺北市北投區八仙里11鄰承德路七段401巷620弄12號,63,6301200,6301200-018,11鄰,承德路,7段,401巷,620弄,,,12號,121.48575428862,25.117370112039
臺北市北投區八仙里11鄰承德路七段401巷331弄13號,63,6301200,6301200-018,11鄰,承德路,7段,401巷,331弄,,,13號,121.49643672489,25.114542114913
臺北市北投區八仙里10鄰承德路七段401巷88弄14號,63,6301200,6301200-018,10鄰,承德路,7段,401巷,88弄,,,14號,121.49945271764,25.1176087624
臺北市北投區八仙里11鄰承德路七段401巷350弄14號,63,6301200,6301200-018,11鄰,承德路,7段,401巷,350弄,,,14號,121.49601576241,25.115624404089
臺北市北投區八仙里11鄰承德路七段401巷331弄15號,63,6301200,6301200-018,11鄰,承德路,7段,401巷,331弄,,,15號,121.49635627157,25.114513611954
臺北市北投區八仙里10鄰承德路七段401巷88弄16號,63,6301200,6301200-018,10鄰,承德路,7段,401巷,88弄,,,16號,121.49946310507,25.117673494411
臺北市北投區八仙里10鄰承德路七段413巷16號,63,6301200,6301200-018,10鄰,承德路,7段,413巷,,,,16號,121.49975057419,25.115645067163
臺北市北投區八仙里11鄰承德路七段401巷350弄16號,63,6301200,6301200-018,11鄰,承德路,7段,401巷,350弄,,,16號,121.49603818603,25.115694106667
臺北市北投區八仙里12鄰承德路七段401巷989弄16號,63,6301200,6301200-018,12鄰,承德路,7段,401巷,989弄,,,16號,121.48267734194,25.114960440625
臺北市北投區八仙里11鄰承德路七段401巷350弄16之1號,63,6301200,6301200-018,11鄰,承德路,7段,401巷,350弄,,,16之1號,121.49605719237,25.115759812231
臺北市北投區八仙里11鄰承德路七段401巷331弄17號,63,6301200,6301200-018,11鄰,承德路,7段,401巷,331弄,,,17號,121.49619690847,25.114450840858
臺北市北投區八仙里11鄰承德路七段401巷620弄17號,63,6301200,6301200-018,11鄰,承德路,7段,401巷,620弄,,,17號,121.4843168116,25.118323372176
臺北市北投區八仙里11鄰承德路七段401巷620弄17之1號,63,6301200,6301200-018,11鄰,承德路,7段,401巷,620弄,,,17之1號,121.48416060178,25.118318221837
臺北市北投區八仙里11鄰承德路七段401巷620弄18號,63,6301200,6301200-018,11鄰,承德路,7段,401巷,620弄,,,18號,121.48586027208,25.117626016373
臺北市北投區八仙里12鄰承德路七段401巷989弄18號,63,6301200,6301200-018,12鄰,承德路,7段,401巷,989弄,,,18號,121.48249478058,25.114970595532
臺北市北投區八仙里11鄰承德路七段401巷350弄18號,63,6301200,6301200-018,11鄰,承德路,7段,401巷,350弄,,,18號,121.49589167327,25.115761747225
臺北市北投區八仙里10鄰承德路七段401巷88弄18號,63,6301200,6301200-018,10鄰,承德路,7段,401巷,88弄,,,18號,121.49936185107,25.117683080192
臺北市北投區八仙里11鄰承德路七段401巷331弄19號,63,6301200,6301200-018,11鄰,承德路,7段,401巷,331弄,,,19號,121.49614010761,25.114428009474
臺北市北投區八仙里12鄰承德路七段401巷989弄20號,63,6301200,6301200-018,12鄰,承德路,7段,401巷,989弄,,,20號,121.48232264015,25.114965422821
臺北市北投區八仙里11鄰承德路七段401巷331弄20號,63,6301200,6301200-018,11鄰,承德路,7段,401巷,331弄,,,20號,121.49529744563,25.114429490696
臺北市北投區八仙里11鄰承德路七段401巷350弄20號,63,6301200,6301200-018,11鄰,承德路,7段,401巷,350弄,,,20號,121.49581264639,25.115819077667
臺北市北投區八仙里10鄰承德路七段401巷88弄20號,63,6301200,6301200-018,10鄰,承德路,7段,401巷,88弄,,,20號,121.49935900294,25.117604446713
臺北市北投區八仙里12鄰承德路七段401巷989弄21號,63,6301200,6301200-018,12鄰,承德路,7段,401巷,989弄,,,21號,121.48362436313,25.115503135424
臺北市北投區八仙里12鄰承德路七段401巷989弄21之1號,63,6301200,6301200-018,12鄰,承德路,7段,401巷,989弄,,,21之1號,121.48357192624,25.115512858122
臺北市北投區八仙里12鄰承德路七段401巷989弄21之2號,63,6301200,6301200-018,12鄰,承德路,7段,401巷,989弄,,,21之2號,121.48374624993,25.115540944431
臺北市北投區八仙里12鄰承德路七段401巷989弄21之3號,63,6301200,6301200-018,12鄰,承德路,7段,401巷,989弄,,,21之3號,121.48365416714,25.11560812453
臺北市北投區八仙里12鄰承德路七段401巷989弄22號,63,6301200,6301200-018,12鄰,承德路,7段,401巷,989弄,,,22號,121.48215606591,25.114872641792
臺北市北投區八仙里10鄰承德路七段401巷88弄22號,63,6301200,6301200-018,10鄰,承德路,7段,401巷,88弄,,,22號,121.49925263548,25.117600173576
臺北市北投區八仙里11鄰承德路七段401巷331弄22號,63,6301200,6301200-018,11鄰,承德路,7段,401巷,331弄,,,22號,121.49528375777,25.114322689729
臺北市北投區八仙里12鄰承德路七段401巷989弄23號,63,6301200,6301200-018,12鄰,承德路,7段,401巷,989弄,,,23號,121.48367397084,25.115411989061
臺北市北投區八仙里12鄰承德路七段401巷989弄24號,63,6301200,6301200-018,12鄰,承德路,7段,401巷,989弄,,,24號,121.48200144808,25.114951182879
臺北市北投區八仙里11鄰承德路七段401巷620弄25號,63,6301200,6301200-018,11鄰,承德路,7段,401巷,620弄,,,25號,121.48486562772,25.118754625777
臺北市北投區八仙里11鄰承德路七段401巷620弄25之8號,63,6301200,6301200-018,11鄰,承德路,7段,401巷,620弄,,,25之8號,121.48380811086,25.118736061376
臺北市北投區八仙里11鄰承德路七段401巷620弄26號,63,6301200,6301200-018,11鄰,承德路,7段,401巷,620弄,,,26號,121.48632093334,25.118898514401
臺北市北投區八仙里11鄰承德路七段401巷331弄26號,63,6301200,6301200-018,11鄰,承德路,7段,401巷,331弄,,,26號,121.49565643719,25.114325840984
臺北市北投區八仙里11鄰承德路七段401巷331弄26之1號,63,6301200,6301200-018,11鄰,承德路,7段,401巷,331弄,,,26之1號,121.49553949966,25.114473370628
臺北市北投區八仙里11鄰承德路七段401巷620弄27號,63,6301200,6301200-018,11鄰,承德路,7段,401巷,620弄,,,27號,121.48458647797,25.118757443422
臺北市北投區八仙里11鄰承德路七段401巷620弄27之10號,63,6301200,6301200-018,11鄰,承德路,7段,401巷,620弄,,,27之10號,121.48357070885,25.118789415198
臺北市北投區八仙里11鄰承德路七段401巷620弄28號,63,6301200,6301200-018,11鄰,承德路,7段,401巷,620弄,,,28號,121.48622895984,25.119038687335
臺北市北投區八仙里10鄰承德路七段401巷88弄28號,63,6301200,6301200-018,10鄰,承德路,7段,401巷,88弄,,,28號,121.49916767551,25.11757115471
臺北市北投區八仙里11鄰承德路七段401巷620弄29號,63,6301200,6301200-018,11鄰,承德路,7段,401巷,620弄,,,29號,121.4842828191,25.118932306533
臺北市北投區八仙里11鄰承德路七段401巷620弄30號,63,6301200,6301200-018,11鄰,承德路,7段,401巷,620弄,,,30號,121.48666709918,25.11889873262
臺北市北投區八仙里10鄰承德路七段401巷88弄30號,63,6301200,6301200-018,10鄰,承德路,7段,401巷,88弄,,,30號,121.49913675458,25.117572965113
臺北市北投區八仙里11鄰承德路七段401巷620弄32號,63,6301200,6301200-018,11鄰,承德路,7段,401巷,620弄,,,32號,121.48691385452,25.118931362185
臺北市北投區八仙里11鄰承德路七段401巷620弄33號,63,6301200,6301200-018,11鄰,承德路,7段,401巷,620弄,,,33號,121.48396587357,25.11893142762
臺北市北投區八仙里11鄰承德路七段401巷620弄34號,63,6301200,6301200-018,11鄰,承德路,7段,401巷,620弄,,,34號,121.48677168483,25.119071303075
臺北市北投區八仙里11鄰承德路七段401巷331弄34號,63,6301200,6301200-018,11鄰,承德路,7段,401巷,331弄,,,34號,121.49548184576,25.11406919801
臺北市北投區八仙里10鄰承德路七段401巷34號,63,6301200,6301200-018,10鄰,承德路,7段,401巷,,,,34號,121.49897313484,25.11927160487
臺北市北投區八仙里10鄰承德路七段401巷34之6號,63,6301200,6301200-018,10鄰,承德路,7段,401巷,,,,34之6號,121.49777098415,25.119267602277
臺北市北投區八仙里11鄰承德路七段401巷620弄35號,63,6301200,6301200-018,11鄰,承德路,7段,401巷,620弄,,,35號,121.48378644094,25.11893678911
臺北市北投區八仙里11鄰承德路七段401巷331弄36號,63,6301200,6301200-018,11鄰,承德路,7段,401巷,331弄,,,36號,121.49545011831,25.114003561943
臺北市北投區八仙里10鄰承德路七段401巷36號,63,6301200,6301200-018,10鄰,承德路,7段,401巷,,,,36號,121.50022064285,25.118832403798
臺北市北投區八仙里10鄰承德路七段401巷36之1號,63,6301200,6301200-018,10鄰,承德路,7段,401巷,,,,36之1號,121.50054510337,25.119412451061
臺北市北投區八仙里10鄰承德路七段401巷36之2號,63,6301200,6301200-018,10鄰,承德路,7段,401巷,,,,36之2號,121.50043994297,25.119147373398
臺北市北投區八仙里10鄰承德路七段401巷38號,63,6301200,6301200-018,10鄰,承德路,7段,401巷,,,,38號,121.5001305092,25.118660534591
臺北市北投區八仙里11鄰承德路七段401巷331弄38號,63,6301200,6301200-018,11鄰,承德路,7段,401巷,331弄,,,38號,121.49522998556,25.114116308095
臺北市北投區八仙里10鄰承德路七段401巷38之7號,63,6301200,6301200-018,10鄰,承德路,7段,401巷,,,,38之7號,121.50011658317,25.118369680804
臺北市北投區八仙里11鄰承德路七段401巷331弄40號,63,6301200,6301200-018,11鄰,承德路,7段,401巷,331弄,,,40號,121.49504289545,25.114077290809
臺北市北投區八仙里11鄰承德路七段401巷331弄42號,63,6301200,6301200-018,11鄰,承德路,7段,401巷,331弄,,,42號,121.49543259283,25.113968068135
臺北市北投區八仙里12鄰承德路七段401巷989弄51號,63,6301200,6301200-018,12鄰,承德路,7段,401巷,989弄,,,51號,121.48358264397,25.115237811154
臺北市北投區八仙里12鄰承德路七段401巷989弄53號,63,6301200,6301200-018,12鄰,承德路,7段,401巷,989弄,,,53號,121.48365236191,25.115315703333
臺北市北投區八仙里12鄰承德路七段401巷989弄55號,63,6301200,6301200-018,12鄰,承德路,7段,401巷,989弄,,,55號,121.48383263038,25.115445913339
臺北市北投區八仙里12鄰承德路七段401巷989弄57號,63,6301200,6301200-018,12鄰,承德路,7段,401巷,989弄,,,57號,121.48393495804,25.115349006484
臺北市北投區八仙里12鄰承德路七段401巷989弄57之1號,63,6301200,6301200-018,12鄰,承德路,7段,401巷,989弄,,,57之1號,121.48399093669,25.115415297179
臺北市北投區八仙里12鄰承德路七段401巷989弄61號,63,6301200,6301200-018,12鄰,承德路,7段,401巷,989弄,,,61號,121.48298447834,25.115162670546
臺北市北投區八仙里12鄰承德路七段401巷989弄61之1號,63,6301200,6301200-018,12鄰,承德路,7段,401巷,989弄,,,61之1號,121.48299060579,25.115122150815
臺北市北投區八仙里12鄰承德路七段401巷989弄65號,63,6301200,6301200-018,12鄰,承德路,7段,401巷,989弄,,,65號,121.48331662577,25.11521413134
臺北市北投區八仙里12鄰承德路七段401巷989弄71號,63,6301200,6301200-018,12鄰,承德路,7段,401巷,989弄,,,71號,121.48360636312,25.115036282203
臺北市北投區八仙里12鄰承德路七段401巷989弄73號,63,6301200,6301200-018,12鄰,承德路,7段,401巷,989弄,,,73號,121.483698402,25.115071426032
臺北市北投區八仙里12鄰承德路七段401巷989弄75號,63,6301200,6301200-018,12鄰,承德路,7段,401巷,989弄,,,75號,121.48381295156,25.115119550887
臺北市北投區八仙里12鄰承德路七段401巷989弄77號,63,6301200,6301200-018,12鄰,承德路,7段,401巷,989弄,,,77號,121.4838860136,25.115067076242
臺北市北投區八仙里12鄰承德路七段401巷989弄79號,63,6301200,6301200-018,12鄰,承德路,7段,401巷,989弄,,,79號,121.48392150322,25.115195664083
臺北市北投區八仙里10鄰承德路七段401巷82號,63,6301200,6301200-018,10鄰,承德路,7段,401巷,,,,82號,121.49993480603,25.118480787816
臺北市北投區八仙里10鄰承德路七段401巷82之1號,63,6301200,6301200-018,10鄰,承德路,7段,401巷,,,,82之1號,121.49978616826,25.118409001649
臺北市北投區八仙里12鄰承德路七段401巷989弄88號,63,6301200,6301200-018,12鄰,承德路,7段,401巷,989弄,,,88號,121.48343236214,25.114540488226
臺北市北投區八仙里12鄰承德路七段401巷989弄89號,63,6301200,6301200-018,12鄰,承德路,7段,401巷,989弄,,,89號,121.48408478019,25.115170881768
臺北市北投區八仙里12鄰承德路七段401巷989弄89之1號,63,6301200,6301200-018,12鄰,承德路,7段,401巷,989弄,,,89之1號,121.48416441575,25.115216411929
臺北市北投區八仙里10鄰承德路七段401巷90號,63,6301200,6301200-018,10鄰,承德路,7段,401巷,,,,90號,121.50022469112,25.117836699146
臺北市北投區八仙里12鄰承德路七段401巷989弄91號,63,6301200,6301200-018,12鄰,承德路,7段,401巷,989弄,,,91號,121.48431536667,25.115173875355
臺北市北投區八仙里12鄰承德路七段401巷989弄95號,63,6301200,6301200-018,12鄰,承德路,7段,401巷,989弄,,,95號,121.48442737395,25.115095164146
臺北市北投區八仙里12鄰承德路七段401巷989弄96號,63,6301200,6301200-018,12鄰,承德路,7段,401巷,989弄,,,96號,121.48427523073,25.114804877182
臺北市北投區八仙里12鄰承德路七段401巷989弄99號,63,6301200,6301200-018,12鄰,承德路,7段,401巷,989弄,,,99號,121.48464741821,25.114961994729
臺北市北投區八仙里12鄰承德路七段401巷989弄99之1號,63,6301200,6301200-018,12鄰,承德路,7段,401巷,989弄,,,99之1號,121.48473497851,25.114957718095
臺北市北投區八仙里10鄰承德路七段401巷104號,63,6301200,6301200-018,10鄰,承德路,7段,401巷,,,,104號,121.50021117348,25.11744643645
臺北市北投區八仙里10鄰承德路七段401巷106號,63,6301200,6301200-018,10鄰,承德路,7段,401巷,,,,106號,121.50022659427,25.117383413992
臺北市北投區八仙里10鄰承德路七段401巷116號,63,6301200,6301200-018,10鄰,承德路,7段,401巷,,,,116號,121.500269367,25.117114189575
臺北市北投區八仙里10鄰承德路七段401巷118號,63,6301200,6301200-018,10鄰,承德路,7段,401巷,,,,118號,121.50025671678,25.117085613441
臺北市北投區八仙里10鄰承德路七段401巷120號,63,6301200,6301200-018,10鄰,承德路,7段,401巷,,,,120號,121.50024088651,25.117045591481
臺北市北投區八仙里10鄰承德路七段401巷122號,63,6301200,6301200-018,10鄰,承德路,7段,401巷,,,,122號,121.50024365707,25.11695400191
臺北市北投區八仙里10鄰承德路七段401巷124號,63,6301200,6301200-018,10鄰,承德路,7段,401巷,,,,124號,121.50022780175,25.116905385358
臺北市北投區八仙里10鄰承德路七段401巷126號,63,6301200,6301200-018,10鄰,承德路,7段,401巷,,,,126號,121.50021193656,25.116856777865
臺北市北投區八仙里10鄰承德路七段401巷126之1號,63,6301200,6301200-018,10鄰,承德路,7段,401巷,,,,126之1號,121.50019922811,25.116813883483
臺北市北投區八仙里10鄰承德路七段401巷132號,63,6301200,6301200-018,10鄰,承德路,7段,401巷,,,,132號,121.50017708014,25.1162741007
臺北市北投區八仙里10鄰承德路七段401巷146號,63,6301200,6301200-018,10鄰,承德路,7段,401巷,,,,146號,121.50015191668,25.115758369663
臺北市北投區八仙里10鄰承德路七段401巷148號,63,6301200,6301200-018,10鄰,承德路,7段,401巷,,,,148號,121.50015517224,25.115525228106
臺北市北投區八仙里11鄰承德路七段401巷171號,63,6301200,6301200-018,11鄰,承德路,7段,401巷,,,,171號,121.50009940825,25.115045947044
臺北市北投區八仙里11鄰承德路七段401巷173號,63,6301200,6301200-018,11鄰,承德路,7段,401巷,,,,173號,121.50002668016,25.114710819395
臺北市北投區八仙里11鄰承德路七段401巷173之1號,63,6301200,6301200-018,11鄰,承德路,7段,401巷,,,,173之1號,121.50013137935,25.114649319469
臺北市北投區八仙里11鄰承德路七段401巷177號,63,6301200,6301200-018,11鄰,承德路,7段,401巷,,,,177號,121.49930818457,25.114807872511
臺北市北投區八仙里11鄰承德路七段401巷177之1號,63,6301200,6301200-018,11鄰,承德路,7段,401巷,,,,177之1號,121.49857557794,25.11431349867
臺北市北投區八仙里11鄰承德路七段401巷179號,63,6301200,6301200-018,11鄰,承德路,7段,401巷,,,,179號,121.49853172529,25.114938114491
臺北市北投區八仙里11鄰承德路七段401巷183號,63,6301200,6301200-018,11鄰,承德路,7段,401巷,,,,183號,121.49797003922,25.115013706844
臺北市北投區八仙里11鄰承德路七段401巷185號,63,6301200,6301200-018,11鄰,承德路,7段,401巷,,,,185號,121.49792650758,25.114631669727
臺北市北投區八仙里11鄰承德路七段401巷187號,63,6301200,6301200-018,11鄰,承德路,7段,401巷,,,,187號,121.49766983188,25.114995602508
臺北市北投區八仙里11鄰承德路七段401巷187之1號,63,6301200,6301200-018,11鄰,承德路,7段,401巷,,,,187之1號,121.49770086559,25.114884670319
臺北市北投區八仙里11鄰承德路七段401巷187之2號,63,6301200,6301200-018,11鄰,承德路,7段,401巷,,,,187之2號,121.49770241612,25.114750896887
臺北市北投區八仙里11鄰承德路七段401巷187之3號,63,6301200,6301200-018,11鄰,承德路,7段,401巷,,,,187之3號,121.49770601463,25.114603746075
臺北市北投區八仙里11鄰承德路七段401巷200號,63,6301200,6301200-018,11鄰,承德路,7段,401巷,,,,200號,121.49930889597,25.114980540067
臺北市北投區八仙里11鄰承德路七段401巷282號,63,6301200,6301200-018,11鄰,承德路,7段,401巷,,,,282號,121.49865478906,25.115167301316
臺北市北投區八仙里11鄰承德路七段401巷290號,63,6301200,6301200-018,11鄰,承德路,7段,401巷,,,,290號,121.49821142732,25.115230371951
臺北市北投區八仙里11鄰承德路七段401巷292號,63,6301200,6301200-018,11鄰,承德路,7段,401巷,,,,292號,121.49811849272,25.115232137723
臺北市北投區八仙里11鄰承德路七段401巷296號,63,6301200,6301200-018,11鄰,承德路,7段,401巷,,,,296號,121.49756600017,25.115222771059
臺北市北投區八仙里11鄰承德路七段401巷302號,63,6301200,6301200-018,11鄰,承德路,7段,401巷,,,,302號,121.49710071523,25.115205354897
臺北市北投區八仙里11鄰承德路七段401巷308號,63,6301200,6301200-018,11鄰,承德路,7段,401巷,,,,308號,121.49687665778,25.115115166664
臺北市北投區八仙里11鄰承德路七段401巷310號,63,6301200,6301200-018,11鄰,承德路,7段,401巷,,,,310號,121.49680404801,25.115079442335
臺北市北投區八仙里11鄰承德路七段401巷311號,63,6301200,6301200-018,11鄰,承德路,7段,401巷,,,,311號,121.49680513601,25.114958562473
臺北市北投區八仙里11鄰承德路七段401巷312號,63,6301200,6301200-018,11鄰,承德路,7段,401巷,,,,312號,121.49664834126,25.115138953106
臺北市北投區八仙里11鄰承德路七段401巷314號,63,6301200,6301200-018,11鄰,承德路,7段,401巷,,,,314號,121.49674256753,25.115066693116
臺北市北投區八仙里11鄰承德路七段401巷316號,63,6301200,6301200-018,11鄰,承德路,7段,401巷,,,,316號,121.49683077201,25.115454900525
臺北市北投區八仙里11鄰承德路七段401巷318號,63,6301200,6301200-018,11鄰,承德路,7段,401巷,,,,318號,121.49678053461,25.115498231844
臺北市北投區八仙里11鄰承德路七段401巷320號,63,6301200,6301200-018,11鄰,承德路,7段,401巷,,,,320號,121.496584993,25.115083597804
臺北市北投區八仙里11鄰承德路七段401巷322號,63,6301200,6301200-018,11鄰,承德路,7段,401巷,,,,322號,121.49658738842,25.115053102142
臺北市北投區八仙里11鄰承德路七段401巷324號,63,6301200,6301200-018,11鄰,承德路,7段,401巷,,,,324號,121.49658956225,25.115016847343
臺北市北投區八仙里11鄰承德路七段401巷326號,63,6301200,6301200-018,11鄰,承德路,7段,401巷,,,,326號,121.49646199471,25.11494820114
臺北市北投區八仙里11鄰承德路七段401巷328號,63,6301200,6301200-018,11鄰,承德路,7段,401巷,,,,328號,121.49642901012,25.114944664263
臺北市北投區八仙里11鄰承德路七段401巷330號,63,6301200,6301200-018,11鄰,承德路,7段,401巷,,,,330號,121.49644363172,25.115083520491
臺北市北投區八仙里11鄰承德路七段401巷332號,63,6301200,6301200-018,11鄰,承德路,7段,401巷,,,,332號,121.49649339691,25.115313586527
臺北市北投區八仙里11鄰承德路七段401巷334號,63,6301200,6301200-018,11鄰,承德路,7段,401巷,,,,334號,121.49637853316,25.115348494294
臺北市北投區八仙里11鄰承德路七段401巷334之1號,63,6301200,6301200-018,11鄰,承德路,7段,401巷,,,,334之1號,121.49636752298,25.115222409656
臺北市北投區八仙里11鄰承德路七段401巷335號,63,6301200,6301200-018,11鄰,承德路,7段,401巷,,,,335號,121.49603350332,25.114929439624
臺北市北投區八仙里11鄰承德路七段401巷336號,63,6301200,6301200-018,11鄰,承德路,7段,401巷,,,,336號,121.49628256754,25.114987667487
臺北市北投區八仙里11鄰承德路七段401巷338號,63,6301200,6301200-018,11鄰,承德路,7段,401巷,,,,338號,121.4960423502,25.115040472789
臺北市北投區八仙里11鄰承德路七段401巷340號,63,6301200,6301200-018,11鄰,承德路,7段,401巷,,,,340號,121.49596538131,25.1151088377
臺北市北投區八仙里11鄰承德路七段401巷340之1號,63,6301200,6301200-018,11鄰,承德路,7段,401巷,,,,340之1號,121.49601483465,25.115153749191
臺北市北投區八仙里11鄰承德路七段401巷341號,63,6301200,6301200-018,11鄰,承德路,7段,401巷,,,,341號,121.49559391882,25.115002321321
臺北市北投區八仙里11鄰承德路七段401巷342號,63,6301200,6301200-018,11鄰,承德路,7段,401巷,,,,342號,121.49593307444,25.115111076382
臺北市北投區八仙里11鄰承德路七段401巷343號,63,6301200,6301200-018,11鄰,承德路,7段,401巷,,,,343號,121.49540968966,25.115075648734
臺北市北投區八仙里11鄰承德路七段401巷347號,63,6301200,6301200-018,11鄰,承德路,7段,401巷,,,,347號,121.49517763073,25.115093550117
臺北市北投區八仙里11鄰承德路七段401巷349號,63,6301200,6301200-018,11鄰,承德路,7段,401巷,,,,349號,121.49501645767,25.115152607983
臺北市北投區八仙里11鄰承德路七段401巷351號,63,6301200,6301200-018,11鄰,承德路,7段,401巷,,,,351號,121.49458656795,25.115244819455
臺北市北投區八仙里11鄰承德路七段401巷358號,63,6301200,6301200-018,11鄰,承德路,7段,401巷,,,,358號,121.49546321531,25.11538548323
臺北市北投區八仙里11鄰承德路七段401巷360號,63,6301200,6301200-018,11鄰,承德路,7段,401巷,,,,360號,121.49545883672,25.11523895496
臺北市北投區八仙里11鄰承德路七段401巷362號,63,6301200,6301200-018,11鄰,承德路,7段,401巷,,,,362號,121.49519478803,25.115443707974
臺北市北投區八仙里11鄰承德路七段401巷372號,63,6301200,6301200-018,11鄰,承德路,7段,401巷,,,,372號,121.49488093941,25.1153477317
臺北市北投區八仙里9鄰承德路七段380號,63,6301200,6301200-018,9鄰,承德路,7段,,,,,380號,121.50260928952,25.118918486946
臺北市北投區八仙里9鄰承德路七段382號,63,6301200,6301200-018,9鄰,承德路,7段,,,,,382號,121.50252443828,25.118998907252
臺北市北投區八仙里9鄰承德路七段382之1號,63,6301200,6301200-018,9鄰,承德路,7段,,,,,382之1號,121.50249651811,25.119053197062
臺北市北投區八仙里9鄰承德路七段382之2號,63,6301200,6301200-018,9鄰,承德路,7段,,,,,382之2號,121.50244212681,25.119067528315
臺北市北投區八仙里9鄰承德路七段382之3號,63,6301200,6301200-018,9鄰,承德路,7段,,,,,382之3號,121.50239071573,25.119119550436
臺北市北投區八仙里9鄰承德路七段384號,63,6301200,6301200-018,9鄰,承德路,7段,,,,,384號,121.50226520658,25.119296735211
臺北市北投區八仙里17鄰承德路七段388號,63,6301200,6301200-018,17鄰,承德路,7段,,,,,388號,121.50208706167,25.119643797741
臺北市北投區八仙里17鄰承德路七段390號,63,6301200,6301200-018,17鄰,承德路,7段,,,,,390號,121.50198388066,25.119730599429
臺北市北投區八仙里17鄰承德路七段400號,63,6301200,6301200-018,17鄰,承德路,7段,,,,,400號,121.50122037549,25.120259931364
臺北市北投區八仙里10鄰承德路七段403號,63,6301200,6301200-018,10鄰,承德路,7段,,,,,403號,121.50049320617,25.119654550013
臺北市北投區八仙里10鄰承德路七段403之1號,63,6301200,6301200-018,10鄰,承德路,7段,,,,,403之1號,121.50050408943,25.120013674797
臺北市北投區八仙里10鄰承德路七段403之2號,63,6301200,6301200-018,10鄰,承德路,7段,,,,,403之2號,121.50067994971,25.1196911961
臺北市北投區八仙里10鄰承德路七段403之3號,63,6301200,6301200-018,10鄰,承德路,7段,,,,,403之3號,121.50066695743,25.119590929702
臺北市北投區八仙里10鄰承德路七段411號,63,6301200,6301200-018,10鄰,承德路,7段,,,,,411號,121.49998305703,25.120405795359
臺北市北投區八仙里11鄰承德路七段401巷572號,63,6301200,6301200-018,11鄰,承德路,7段,401巷,,,,572號,121.49017910143,25.116616297153
臺北市北投區八仙里11鄰承德路七段401巷575號,63,6301200,6301200-018,11鄰,承德路,7段,401巷,,,,575號,121.48986299393,25.116565403703
臺北市北投區八仙里11鄰承德路七段401巷576號,63,6301200,6301200-018,11鄰,承德路,7段,401巷,,,,576號,121.4900065437,25.116847804533
臺北市北投區八仙里11鄰承德路七段401巷577號,63,6301200,6301200-018,11鄰,承德路,7段,401巷,,,,577號,121.48931327725,25.116609641723
臺北市北投區八仙里11鄰承德路七段401巷578號,63,6301200,6301200-018,11鄰,承德路,7段,401巷,,,,578號,121.48967201532,25.11686750755
臺北市北投區八仙里11鄰承德路七段401巷580號,63,6301200,6301200-018,11鄰,承德路,7段,401巷,,,,580號,121.48933646385,25.116804624785
臺北市北投區八仙里11鄰承德路七段401巷615號,63,6301200,6301200-018,11鄰,承德路,7段,401巷,,,,615號,121.48598001547,25.116273576897
臺北市北投區八仙里11鄰承德路七段401巷617號,63,6301200,6301200-018,11鄰,承德路,7段,401巷,,,,617號,121.48580951067,25.116281303955
臺北市北投區八仙里11鄰承德路七段401巷626號,63,6301200,6301200-018,11鄰,承德路,7段,401巷,,,,626號,121.48424035786,25.116657444414
臺北市北投區八仙里11鄰承德路七段401巷628號,63,6301200,6301200-018,11鄰,承德路,7段,401巷,,,,628號,121.48376234181,25.11662876103
臺北市北投區八仙里12鄰承德路七段401巷630號,63,6301200,6301200-018,12鄰,承德路,7段,401巷,,,,630號,121.48351793194,25.117231213568
臺北市北投區八仙里12鄰承德路七段401巷969號,63,6301200,6301200-018,12鄰,承德路,7段,401巷,,,,969號,121.48332878635,25.115989130468
臺北市北投區八仙里12鄰承德路七段401巷971號,63,6301200,6301200-018,12鄰,承德路,7段,401巷,,,,971號,121.48347054805,25.11601254741
臺北市北投區八仙里12鄰承德路七段401巷973號,63,6301200,6301200-018,12鄰,承德路,7段,401巷,,,,973號,121.48330833036,25.11612293846
臺北市北投區八仙里12鄰承德路七段401巷975號,63,6301200,6301200-018,12鄰,承德路,7段,401巷,,,,975號,121.48348680232,25.116139076477
臺北市北投區八仙里12鄰承德路七段401巷977號,63,6301200,6301200-018,12鄰,承德路,7段,401巷,,,,977號,121.48372663662,25.116279203723
臺北市北投區八仙里12鄰承德路七段401巷979號,63,6301200,6301200-018,12鄰,承德路,7段,401巷,,,,979號,121.48375971301,25.116154906163
臺北市北投區八仙里12鄰承德路七段401巷981號,63,6301200,6301200-018,12鄰,承德路,7段,401巷,,,,981號,121.48385149629,25.116006528836
臺北市北投區八仙里12鄰承德路七段401巷983號,63,6301200,6301200-018,12鄰,承德路,7段,401巷,,,,983號,121.48377498045,25.116030666706
臺北市北投區八仙里12鄰承德路七段401巷987號,63,6301200,6301200-018,12鄰,承德路,7段,401巷,,,,987號,121.48366136892,25.116019535662
臺北市北投區八仙里12鄰承德路七段401巷1001號,63,6301200,6301200-018,12鄰,承德路,7段,401巷,,,,1001號,121.48255088221,25.116192276363
臺北市北投區八仙里12鄰承德路七段401巷1009號,63,6301200,6301200-018,12鄰,承德路,7段,401巷,,,,1009號,121.48067236789,25.116207930251
臺北市北投區八仙里12鄰承德路七段401巷1011號,63,6301200,6301200-018,12鄰,承德路,7段,401巷,,,,1011號,121.48046244124,25.116199050013
臺北市北投區八仙里12鄰承德路七段401巷1110號,63,6301200,6301200-018,12鄰,承德路,7段,401巷,,,,1110號,121.48148626856,25.114485673899
臺北市北投區八仙里12鄰承德路七段401巷1112號,63,6301200,6301200-018,12鄰,承德路,7段,401巷,,,,1112號,121.48122359024,25.114405319489
臺北市北投區八仙里12鄰承德路七段401巷1120號,63,6301200,6301200-018,12鄰,承德路,7段,401巷,,,,1120號,121.48032052812,25.114274488327
臺北市北投區八仙里12鄰承德路七段401巷1136號,63,6301200,6301200-018,12鄰,承德路,7段,401巷,,,,1136號,121.47799768025,25.113909371706
臺北市北投區八仙里12鄰承德路七段401巷1138號,63,6301200,6301200-018,12鄰,承德路,7段,401巷,,,,1138號,121.47785311168,25.113976717436
臺北市北投區八仙里12鄰承德路七段401巷1142號,63,6301200,6301200-018,12鄰,承德路,7段,401巷,,,,1142號,121.47766261884,25.114014987211
臺北市北投區八仙里12鄰承德路七段401巷1144號,63,6301200,6301200-018,12鄰,承德路,7段,401巷,,,,1144號,121.47763470131,25.113944938288
